/mnt/gpid07/users/morros/VFOA/TRAYECTORIAS2020_03_13/M2019-07-03-14-59-37/img/image_91.png 59.589375 22.540352 3.828464 [571.853271, 267.853699]
/mnt/gpid07/users/morros/VFOA/TRAYECTORIAS2020_03_13/M2019-07-03-14-59-37/img/image_92.png 50.547271 18.813489 2.748222 [533.140503, 260.609406]
/mnt/gpid07/users/morros/VFOA/TRAYECTORIAS2020_03_13/M2019-07-03-14-59-37/img/image_93.png 35.126970 13.066649 1.191951 [491.694366, 243.744858]
/mnt/gpid07/users/morros/VFOA/TRAYECTORIAS2020_03_13/M2019-07-03-14-59-37/img/image_94.png 24.964960 6.786767 -0.225406 [460.435181, 230.949707]
/mnt/gpid07/users/morros/VFOA/TRAYECTORIAS2020_03_13/M2019-07-03-14-59-37/img/image_95.png 17.327471 3.474224 -0.564969 [429.812134, 228.007446]
/mnt/gpid07/users/morros/VFOA/TRAYECTORIAS2020_03_13/M2019-07-03-14-59-37/img/image_96.png 8.684532 2.886923 -1.088726 [402.751251, 235.215988]
/mnt/gpid07/users/morros/VFOA/TRAYECTORIAS2020_03_13/M2019-07-03-14-59-37/img/image_97.png 0.906844 4.483850 -0.993297 [400.080785, 236.03835]
/mnt/gpid07/users/morros/VFOA/TRAYECTORIAS2020_03_13/M2019-07-03-14-59-37/img/image_98.png -4.805281 5.662419 -0.012474 [400.057642, 236.056725]
/mnt/gpid07/users/morros/VFOA/TRAYECTORIAS2020_03_13/M2019-07-03-14-59-37/img/image_99.png -7.174815 5.223967 1.087574 [400.081801, 236.050522]
/mnt/gpid07/users/morros/VFOA/TRAYECTORIAS2020_03_13/M2019-07-03-14-59-37/img/image_100.png -9.003029 3.334387 2.206766 [400.08469, 236.049656]
/mnt/gpid07/users/morros/VFOA/TRAYECTORIAS2020_03_13/M2019-07-03-14-59-37/img/image_101.png -11.130791 3.129016 1.754655 [400.084766, 236.049623]
/mnt/gpid07/users/morros/VFOA/TRAYECTORIAS2020_03_13/M2019-07-03-14-59-37/img/image_102.png -16.659299 4.596432 2.480304 [400.084746, 236.049628]
/mnt/gpid07/users/morros/VFOA/TRAYECTORIAS2020_03_13/M2019-07-03-14-59-37/img/image_103.png -25.526695 6.190511 2.847844 [400.084743, 236.049629]
/mnt/gpid07/users/morros/VFOA/TRAYECTORIAS2020_03_13/M2019-07-03-14-59-37/img/image_104.png -34.468442 8.397536 3.611868 [400.084743, 236.049629]
/mnt/gpid07/users/morros/VFOA/TRAYECTORIAS2020_03_13/M2019-07-03-14-59-37/img/image_105.png -41.718218 10.257356 3.508348 [400.084743, 236.049629]
/mnt/gpid07/users/morros/VFOA/TRAYECTORIAS2020_03_13/M2019-07-03-14-59-37/img/image_106.png -44.099452 10.960654 2.579645 [400.084743, 236.049629]
/mnt/gpid07/users/morros/VFOA/TRAYECTORIAS2020_03_13/M2019-07-03-14-59-37/img/image_107.png -50.460834 10.714256 1.390199 [400.084743, 236.049629]
/mnt/gpid07/users/morros/VFOA/TRAYECTORIAS2020_03_13/M2019-07-03-14-59-37/img/image_108.png -59.326833 9.703143 0.974649 [400.084743, 236.049629]
/mnt/gpid07/users/morros/VFOA/TRAYECTORIAS2020_03_13/M2019-07-03-14-59-37/img/image_109.png -66.824069 8.854322 0.181606 [400.084743, 236.049629]
/mnt/gpid07/users/morros/VFOA/TRAYECTORIAS2020_03_13/M2019-07-03-14-59-37/img/image_110.png -73.707530 8.108998 -0.917651 [400.084743, 236.049629]
/mnt/gpid07/users/morros/VFOA/TRAYECTORIAS2020_03_13/M2019-07-03-14-59-37/img/image_111.png -81.970793 6.744503 -2.715214 [400.084743, 236.049629]
/mnt/gpid07/users/morros/VFOA/TRAYECTORIAS2020_03_13/M2019-07-03-14-59-37/img/image_112.png -86.552548 5.874240 -3.423802 [400.084743, 236.049629]
/mnt/gpid07/users/morros/VFOA/TRAYECTORIAS2020_03_13/M2019-07-03-14-59-37/img/image_113.png -88.233087 5.944126 -3.433005 [400.084743, 236.049629]
/mnt/gpid07/users/morros/VFOA/TRAYECTORIAS2020_03_13/M2019-07-03-14-59-37/img/image_114.png -82.926526 6.807962 -3.456391 [400.084743, 236.049629]
/mnt/gpid07/users/morros/VFOA/TRAYECTORIAS2020_03_13/M2019-07-03-14-59-37/img/image_115.png -74.285795 7.775738 -2.474561 [400.084743, 236.049629]
/mnt/gpid07/users/morros/VFOA/TRAYECTORIAS2020_03_13/M2019-07-03-14-59-37/img/image_116.png -60.127025 7.557106 -0.919028 [400.084743, 236.049629]
/mnt/gpid07/users/morros/VFOA/TRAYECTORIAS2020_03_13/M2019-07-03-14-59-37/img/image_117.png -47.321319 11.374176 -0.018718 [400.084743, 236.049629]
/mnt/gpid07/users/morros/VFOA/TRAYECTORIAS2020_03_13/M2019-07-03-14-59-37/img/image_118.png -19.132690 20.925653 -1.904772 [400.084743, 236.049629]
/mnt/gpid07/users/morros/VFOA/TRAYECTORIAS2020_03_13/M2019-07-03-14-59-37/img/image_119.png -16.399328 21.002561 -1.673139 [400.084743, 236.049629]
/mnt/gpid07/users/morros/VFOA/TRAYECTORIAS2020_03_13/M2019-07-03-14-59-37/img/image_120.png -11.890011 20.526025 -0.872517 [400.084743, 236.049629]
/mnt/gpid07/users/morros/VFOA/TRAYECTORIAS2020_03_13/M2019-07-03-14-59-37/img/image_121.png -8.343750 21.523035 0.172935 [400.084743, 236.049629]
/mnt/gpid07/users/morros/VFOA/TRAYECTORIAS2020_03_13/M2019-07-03-14-59-37/img/image_122.png -7.108980 24.780040 0.926309 [400.084743, 236.049629]
/mnt/gpid07/users/morros/VFOA/TRAYECTORIAS2020_03_13/M2019-07-03-14-59-37/img/image_123.png -4.425186 27.170877 2.223093 [400.084743, 236.049629]
/mnt/gpid07/users/morros/VFOA/TRAYECTORIAS2020_03_13/M2019-07-03-14-59-37/img/image_124.png -2.328100 27.441336 3.407140 [400.084743, 236.049629]
/mnt/gpid07/users/morros/VFOA/TRAYECTORIAS2020_03_13/M2019-07-03-14-59-37/img/image_130.png -4.457223 30.388684 3.392099 [400.084743, 236.049629]
/mnt/gpid07/users/morros/VFOA/TRAYECTORIAS2020_03_13/M2019-07-03-14-59-37/img/image_131.png -4.158270 31.669636 3.854748 [400.084743, 236.049629]
/mnt/gpid07/users/morros/VFOA/TRAYECTORIAS2020_03_13/M2019-07-03-14-59-37/img/image_132.png -6.730192 31.352700 2.305432 [400.084743, 236.049629]
/mnt/gpid07/users/morros/VFOA/TRAYECTORIAS2020_03_13/M2019-07-03-14-59-37/img/image_133.png -8.394581 30.072833 1.436757 [400.084743, 236.049629]
/mnt/gpid07/users/morros/VFOA/TRAYECTORIAS2020_03_13/M2019-07-03-14-59-37/img/image_134.png -11.336173 29.351538 -0.045146 [400.084743, 236.049629]
/mnt/gpid07/users/morros/VFOA/TRAYECTORIAS2020_03_13/M2019-07-03-14-59-37/img/image_135.png -13.168451 29.508986 -0.985891 [400.084743, 236.049629]
/mnt/gpid07/users/morros/VFOA/TRAYECTORIAS2020_03_13/M2019-07-03-14-59-37/img/image_136.png -12.882638 30.057291 -1.112717 [400.084743, 236.049629]
/mnt/gpid07/users/morros/VFOA/TRAYECTORIAS2020_03_13/M2019-07-03-14-59-37/img/image_137.png -11.402754 30.218754 -0.848108 [400.084743, 236.049629]
/mnt/gpid07/users/morros/VFOA/TRAYECTORIAS2020_03_13/M2019-07-03-14-59-37/img/image_138.png -10.531472 31.118744 -0.900889 [400.084743, 236.049629]
/mnt/gpid07/users/morros/VFOA/TRAYECTORIAS2020_03_13/M2019-07-03-14-59-37/img/image_139.png -9.443926 32.174902 -0.264531 [400.084743, 236.049629]
/mnt/gpid07/users/morros/VFOA/TRAYECTORIAS2020_03_13/M2019-07-03-14-59-37/img/image_140.png -9.912150 33.165921 -0.092566 [400.084743, 236.049629]
/mnt/gpid07/users/morros/VFOA/TRAYECTORIAS2020_03_13/M2019-07-03-14-59-37/img/image_141.png -9.609336 32.415370 0.576630 [400.084743, 236.049629]
/mnt/gpid07/users/morros/VFOA/TRAYECTORIAS2020_03_13/M2019-07-03-14-59-37/img/image_142.png -9.803132 31.638813 1.418011 [400.084743, 236.049629]
/mnt/gpid07/users/morros/VFOA/TRAYECTORIAS2020_03_13/M2019-07-03-14-59-37/img/image_143.png -8.112849 29.628960 3.307538 [400.084743, 236.049629]
/mnt/gpid07/users/morros/VFOA/TRAYECTORIAS2020_03_13/M2019-07-03-14-59-37/img/image_144.png -6.679666 26.129351 4.791441 [326.388611, 268.12973]
/mnt/gpid07/users/morros/VFOA/TRAYECTORIAS2020_03_13/M2019-07-03-14-59-37/img/image_145.png -3.621056 21.570584 5.718496 [339.550262, 264.37027]
/mnt/gpid07/users/morros/VFOA/TRAYECTORIAS2020_03_13/M2019-07-03-14-59-37/img/image_146.png -1.874221 16.373135 5.497776 [342.882019, 262.083771]
/mnt/gpid07/users/morros/VFOA/TRAYECTORIAS2020_03_13/M2019-07-03-14-59-37/img/image_147.png -4.329357 14.555795 4.353338 [346.085449, 267.396332]
/mnt/gpid07/users/morros/VFOA/TRAYECTORIAS2020_03_13/M2019-07-03-14-59-37/img/image_148.png -9.729238 14.898007 2.153175 [350.243774, 279.549835]
/mnt/gpid07/users/morros/VFOA/TRAYECTORIAS2020_03_13/M2019-07-03-14-59-37/img/image_149.png -13.078193 16.015709 1.601344 [354.270752, 290.142761]
/mnt/gpid07/users/morros/VFOA/TRAYECTORIAS2020_03_13/M2019-07-03-14-59-37/img/image_150.png -10.283909 16.542961 1.929541 [356.375122, 299.947815]
/mnt/gpid07/users/morros/VFOA/TRAYECTORIAS2020_03_13/M2019-07-03-14-59-37/img/image_151.png -6.879262 15.262167 0.654265 [353.748688, 304.425415]
/mnt/gpid07/users/morros/VFOA/TRAYECTORIAS2020_03_13/M2019-07-03-14-59-37/img/image_152.png 0.426406 13.227300 -1.313470 [352.243744, 305.924286]
/mnt/gpid07/users/morros/VFOA/TRAYECTORIAS2020_03_13/M2019-07-03-14-59-37/img/image_153.png 3.877735 12.505746 -1.972681 [350.950836, 304.909058]
/mnt/gpid07/users/morros/VFOA/TRAYECTORIAS2020_03_13/M2019-07-03-14-59-37/img/image_154.png 12.311219 11.964023 -1.050095 [346.091888, 299.73349]
/mnt/gpid07/users/morros/VFOA/TRAYECTORIAS2020_03_13/M2019-07-03-14-59-37/img/image_155.png 25.289235 11.111792 -0.182247 [342.335754, 292.208435]
/mnt/gpid07/users/morros/VFOA/TRAYECTORIAS2020_03_13/M2019-07-03-14-59-37/img/image_156.png 33.284425 10.767447 -0.302729 [342.701813, 285.430084]
/mnt/gpid07/users/morros/VFOA/TRAYECTORIAS2020_03_13/M2019-07-03-14-59-37/img/image_157.png 40.315783 11.821361 1.502420 [341.08374, 281.470734]
/mnt/gpid07/users/morros/VFOA/TRAYECTORIAS2020_03_13/M2019-07-03-14-59-37/img/image_158.png 50.737521 12.040600 4.051013 [341.882751, 274.632263]
/mnt/gpid07/users/morros/VFOA/TRAYECTORIAS2020_03_13/M2019-07-03-14-59-37/img/image_159.png 56.514500 12.537397 6.126257 [344.488861, 266.224762]
/mnt/gpid07/users/morros/VFOA/TRAYECTORIAS2020_03_13/M2019-07-03-14-59-37/img/image_160.png 60.526748 12.371196 5.725613 [351.959473, 260.350403]
/mnt/gpid07/users/morros/VFOA/TRAYECTORIAS2020_03_13/M2019-07-03-14-59-37/img/image_161.png 62.313018 12.818421 4.628418 [356.613434, 256.0159]
/mnt/gpid07/users/morros/VFOA/TRAYECTORIAS2020_03_13/M2019-07-03-14-59-37/img/image_162.png 64.059419 13.940505 3.346423 [355.828278, 254.448151]
/mnt/gpid07/users/morros/VFOA/TRAYECTORIAS2020_03_13/M2019-07-03-14-59-37/img/image_163.png 63.602060 15.750799 2.305270 [347.165405, 257.471344]
/mnt/gpid07/users/morros/VFOA/TRAYECTORIAS2020_03_13/M2019-07-03-14-59-37/img/image_164.png 63.375717 17.864142 1.864959 [331.243225, 264.776978]
/mnt/gpid07/users/morros/VFOA/TRAYECTORIAS2020_03_13/M2019-07-03-14-59-37/img/image_165.png 63.507556 20.457310 1.533541 [305.855591, 270.347198]
/mnt/gpid07/users/morros/VFOA/TRAYECTORIAS2020_03_13/M2019-07-03-14-59-37/img/image_166.png 64.232395 23.276522 0.921906 [284.142578, 276.971497]
/mnt/gpid07/users/morros/VFOA/TRAYECTORIAS2020_03_13/M2019-07-03-14-59-37/img/image_167.png 63.973569 28.612672 2.328574 [262.431427, 286.951569]
/mnt/gpid07/users/morros/VFOA/TRAYECTORIAS2020_03_13/M2019-07-03-14-59-37/img/image_168.png 64.293410 31.417588 2.744359 [248.061478, 291.196442]
/mnt/gpid07/users/morros/VFOA/TRAYECTORIAS2020_03_13/M2019-07-03-14-59-37/img/image_169.png 64.896707 32.337247 2.575505 [236.880402, 287.516693]
/mnt/gpid07/users/morros/VFOA/TRAYECTORIAS2020_03_13/M2019-07-03-14-59-37/img/image_170.png 65.112437 31.951431 2.167281 [235.794183, 287.069472]
/mnt/gpid07/users/morros/VFOA/TRAYECTORIAS2020_03_13/M2019-07-03-14-59-37/img/image_171.png 65.986707 30.697260 2.231094 [235.786509, 287.057075]
/mnt/gpid07/users/morros/VFOA/TRAYECTORIAS2020_03_13/M2019-07-03-14-59-37/img/image_172.png 66.688831 29.223035 2.377020 [235.796528, 287.060184]
/mnt/gpid07/users/morros/VFOA/TRAYECTORIAS2020_03_13/M2019-07-03-14-59-37/img/image_173.png 67.562463 26.952627 2.675649 [207.705521, 194.37558]
/mnt/gpid07/users/morros/VFOA/TRAYECTORIAS2020_03_13/M2019-07-03-14-59-37/img/image_174.png 69.470947 24.429653 3.059495 [204.61541, 184.180242]
/mnt/gpid07/users/morros/VFOA/TRAYECTORIAS2020_03_13/M2019-07-03-14-59-37/img/image_175.png 69.810513 22.555386 3.104517 [204.556408, 183.985601]
/mnt/gpid07/users/morros/VFOA/TRAYECTORIAS2020_03_13/M2019-07-03-14-59-37/img/image_176.png 70.338011 20.359648 3.179338 [204.580818, 184.066144]
/mnt/gpid07/users/morros/VFOA/TRAYECTORIAS2020_03_13/M2019-07-03-14-59-37/img/image_177.png 69.510589 19.609830 3.207422 [222.59967, 188.737762]
/mnt/gpid07/users/morros/VFOA/TRAYECTORIAS2020_03_13/M2019-07-03-14-59-37/img/image_178.png 68.512485 20.436843 3.133874 [224.5815, 189.250835]
/mnt/gpid07/users/morros/VFOA/TRAYECTORIAS2020_03_13/M2019-07-03-14-59-37/img/image_179.png 68.881216 21.084679 3.097419 [224.619313, 189.260557]
/mnt/gpid07/users/morros/VFOA/TRAYECTORIAS2020_03_13/M2019-07-03-14-59-37/img/image_180.png 69.269792 21.097382 3.206583 [224.603654, 189.256496]
/mnt/gpid07/users/morros/VFOA/TRAYECTORIAS2020_03_13/M2019-07-03-14-59-37/img/image_181.png 69.706294 21.119412 3.440477 [258.326385, 231.125397]
/mnt/gpid07/users/morros/VFOA/TRAYECTORIAS2020_03_13/M2019-07-03-14-59-37/img/image_182.png 70.222774 20.603241 3.469087 [251.043198, 236.193039]
/mnt/gpid07/users/morros/VFOA/TRAYECTORIAS2020_03_13/M2019-07-03-14-59-37/img/image_183.png 71.513978 18.668713 3.659941 [249.90482, 236.331791]
/mnt/gpid07/users/morros/VFOA/TRAYECTORIAS2020_03_13/M2019-07-03-14-59-37/img/image_184.png 75.489057 14.006271 3.773088 [249.85243, 236.296377]
/mnt/gpid07/users/morros/VFOA/TRAYECTORIAS2020_03_13/M2019-07-03-14-59-37/img/image_185.png 82.017685 6.604356 4.172231 [231.858994, 238.775421]
/mnt/gpid07/users/morros/VFOA/TRAYECTORIAS2020_03_13/M2019-07-03-14-59-37/img/image_186.png 84.591653 3.335576 4.816198 [229.880239, 239.04847]
/mnt/gpid07/users/morros/VFOA/TRAYECTORIAS2020_03_13/M2019-07-03-14-59-37/img/image_187.png 87.470730 -0.705766 6.044788 [231.720917, 236.100082]
/mnt/gpid07/users/morros/VFOA/TRAYECTORIAS2020_03_13/M2019-07-03-14-59-37/img/image_188.png 91.356279 -2.737718 5.498072 [231.00618, 234.021774]
/mnt/gpid07/users/morros/VFOA/TRAYECTORIAS2020_03_13/M2019-07-03-14-59-37/img/image_189.png 93.483155 -4.906022 4.850430 [230.909152, 233.822644]
/mnt/gpid07/users/morros/VFOA/TRAYECTORIAS2020_03_13/M2019-07-03-14-59-37/img/image_190.png 95.504209 -7.572514 3.960150 [234.411392, 221.777496]
/mnt/gpid07/users/morros/VFOA/TRAYECTORIAS2020_03_13/M2019-07-03-14-59-37/img/image_191.png 97.038127 -8.353415 2.652769 [234.797609, 220.454521]
/mnt/gpid07/users/morros/VFOA/TRAYECTORIAS2020_03_13/M2019-07-03-14-59-37/img/image_192.png 100.769962 -9.271897 0.961000 [233.276123, 213.72258]
/mnt/gpid07/users/morros/VFOA/TRAYECTORIAS2020_03_13/M2019-07-03-14-59-37/img/image_193.png 101.112163 -9.009308 1.713087 [233.104897, 212.995296]
/mnt/gpid07/users/morros/VFOA/TRAYECTORIAS2020_03_13/M2019-07-03-14-59-37/img/image_194.png 101.271918 -9.363731 3.237544 [231.82515, 212.307495]
/mnt/gpid07/users/morros/VFOA/TRAYECTORIAS2020_03_13/M2019-07-03-14-59-37/img/image_195.png 103.852395 -9.294686 3.590296 [230.739471, 213.415054]
/mnt/gpid07/users/morros/VFOA/TRAYECTORIAS2020_03_13/M2019-07-03-14-59-37/img/image_196.png 104.701086 -8.420463 4.214940 [230.041672, 213.383942]
/mnt/gpid07/users/morros/VFOA/TRAYECTORIAS2020_03_13/M2019-07-03-14-59-37/img/image_197.png 104.635618 -7.270037 5.246336 [228.898773, 213.063187]
/mnt/gpid07/users/morros/VFOA/TRAYECTORIAS2020_03_13/M2019-07-03-14-59-37/img/image_198.png 106.846475 -8.047385 5.357099 [228.780032, 213.028215]
/mnt/gpid07/users/morros/VFOA/TRAYECTORIAS2020_03_13/M2019-07-03-14-59-37/img/image_199.png 108.589821 -7.535566 5.490730 [231.731857, 204.461197]
/mnt/gpid07/users/morros/VFOA/TRAYECTORIAS2020_03_13/M2019-07-03-14-59-37/img/image_200.png 110.967744 -8.201854 4.597668 [232.057745, 203.519175]
/mnt/gpid07/users/morros/VFOA/TRAYECTORIAS2020_03_13/M2019-07-03-14-59-37/img/image_201.png 113.526890 -8.754632 4.139620 [232.064075, 203.501222]
/mnt/gpid07/users/morros/VFOA/TRAYECTORIAS2020_03_13/M2019-07-03-14-59-37/img/image_202.png 116.726242 -8.559311 3.245410 [232.061512, 203.508668]
/mnt/gpid07/users/morros/VFOA/TRAYECTORIAS2020_03_13/M2019-07-03-14-59-37/img/image_203.png 118.830973 -9.447966 2.648975 [232.061167, 203.509666]
/mnt/gpid07/users/morros/VFOA/TRAYECTORIAS2020_03_13/M2019-07-03-14-59-37/img/image_204.png 119.964704 -10.025852 2.676514 [260.387268, 183.70166]
/mnt/gpid07/users/morros/VFOA/TRAYECTORIAS2020_03_13/M2019-07-03-14-59-37/img/image_205.png 120.897409 -10.206613 1.796049 [274.293488, 187.561157]
/mnt/gpid07/users/morros/VFOA/TRAYECTORIAS2020_03_13/M2019-07-03-14-59-37/img/image_206.png 121.805645 -10.579031 1.431181 [288.641235, 196.954086]
/mnt/gpid07/users/morros/VFOA/TRAYECTORIAS2020_03_13/M2019-07-03-14-59-37/img/image_207.png 122.405601 -9.839140 1.549497 [302.997162, 201.780396]
/mnt/gpid07/users/morros/VFOA/TRAYECTORIAS2020_03_13/M2019-07-03-14-59-37/img/image_208.png 126.155154 -8.673099 1.462883 [304.242035, 211.918274]
/mnt/gpid07/users/morros/VFOA/TRAYECTORIAS2020_03_13/M2019-07-03-14-59-37/img/image_209.png 131.342920 -7.856474 2.623723 [288.963379, 225.676193]
/mnt/gpid07/users/morros/VFOA/TRAYECTORIAS2020_03_13/M2019-07-03-14-59-37/img/image_210.png 139.095649 -6.506087 2.155302 [268.008301, 236.938782]
/mnt/gpid07/users/morros/VFOA/TRAYECTORIAS2020_03_13/M2019-07-03-14-59-37/img/image_211.png 146.980353 -3.615441 2.800380 [244.603745, 249.67067]
/mnt/gpid07/users/morros/VFOA/TRAYECTORIAS2020_03_13/M2019-07-03-14-59-37/img/image_212.png 153.810094 -1.168330 3.389096 [242.238794, 250.958551]
/mnt/gpid07/users/morros/VFOA/TRAYECTORIAS2020_03_13/M2019-07-03-14-59-37/img/image_213.png 158.759262 1.107808 3.415788 [221.536026, 265.559448]
/mnt/gpid07/users/morros/VFOA/TRAYECTORIAS2020_03_13/M2019-07-03-14-59-37/img/image_214.png 163.074231 2.374503 1.398343 [217.932892, 269.130249]
/mnt/gpid07/users/morros/VFOA/TRAYECTORIAS2020_03_13/M2019-07-03-14-59-37/img/image_215.png 165.078123 2.209927 0.745480 [222.793045, 272.91864]
/mnt/gpid07/users/morros/VFOA/TRAYECTORIAS2020_03_13/M2019-07-03-14-59-37/img/image_216.png 166.040794 1.400567 -0.144327 [233.011353, 273.926147]
/mnt/gpid07/users/morros/VFOA/TRAYECTORIAS2020_03_13/M2019-07-03-14-59-37/img/image_217.png 166.224126 3.082572 -0.728415 [247.551239, 274.031281]
/mnt/gpid07/users/morros/VFOA/TRAYECTORIAS2020_03_13/M2019-07-03-14-59-37/img/image_218.png 164.360186 8.129509 -0.987795 [264.967682, 275.647583]
/mnt/gpid07/users/morros/VFOA/TRAYECTORIAS2020_03_13/M2019-07-03-14-59-37/img/image_219.png 165.528131 13.747388 -0.711367 [282.43689, 275.165344]
/mnt/gpid07/users/morros/VFOA/TRAYECTORIAS2020_03_13/M2019-07-03-14-59-37/img/image_220.png 168.432171 20.979044 1.032564 [297.689362, 278.416046]
/mnt/gpid07/users/morros/VFOA/TRAYECTORIAS2020_03_13/M2019-07-03-14-59-37/img/image_221.png 167.001833 27.029661 1.224330 [316.743256, 277.652039]
/mnt/gpid07/users/morros/VFOA/TRAYECTORIAS2020_03_13/M2019-07-03-14-59-37/img/image_222.png 165.877705 30.666062 0.416286 [330.007019, 282.021088]
/mnt/gpid07/users/morros/VFOA/TRAYECTORIAS2020_03_13/M2019-07-03-14-59-37/img/image_223.png 162.440559 32.992385 -0.535776 [335.974365, 291.503174]
/mnt/gpid07/users/morros/VFOA/TRAYECTORIAS2020_03_13/M2019-07-03-14-59-37/img/image_224.png 159.262673 35.809343 -1.480212 [332.645752, 302.719086]
/mnt/gpid07/users/morros/VFOA/TRAYECTORIAS2020_03_13/M2019-07-03-14-59-37/img/image_225.png 159.046142 37.635775 -1.106486 [322.777679, 317.22699]
/mnt/gpid07/users/morros/VFOA/TRAYECTORIAS2020_03_13/M2019-07-03-14-59-37/img/image_226.png 160.193344 39.179328 -0.623625 [318.659119, 332.349854]
/mnt/gpid07/users/morros/VFOA/TRAYECTORIAS2020_03_13/M2019-07-03-14-59-37/img/image_227.png 162.120952 39.975550 -0.119576 [314.907043, 345.540894]
/mnt/gpid07/users/morros/VFOA/TRAYECTORIAS2020_03_13/M2019-07-03-14-59-37/img/image_228.png 161.967083 39.562036 -0.218981 [315.819672, 353.96463]
/mnt/gpid07/users/morros/VFOA/TRAYECTORIAS2020_03_13/M2019-07-03-14-59-37/img/image_229.png 164.087243 37.182863 1.369651 [326.212311, 352.400757]
/mnt/gpid07/users/morros/VFOA/TRAYECTORIAS2020_03_13/M2019-07-03-14-59-37/img/image_230.png 168.571577 32.842719 3.790827 [343.367523, 340.103333]
/mnt/gpid07/users/morros/VFOA/TRAYECTORIAS2020_03_13/M2019-07-03-14-59-37/img/image_231.png 173.492527 25.521250 4.079847 [364.819366, 322.219116]
/mnt/gpid07/users/morros/VFOA/TRAYECTORIAS2020_03_13/M2019-07-03-14-59-37/img/image_232.png 179.272827 15.598221 4.030193 [386.096893, 297.636139]
/mnt/gpid07/users/morros/VFOA/TRAYECTORIAS2020_03_13/M2019-07-03-14-59-37/img/image_233.png -176.607332 7.673530 4.468995 [409.427399, 279.738007]
/mnt/gpid07/users/morros/VFOA/TRAYECTORIAS2020_03_13/M2019-07-03-14-59-37/img/image_234.png -170.709141 0.812077 4.219217 [427.46521, 275.347961]
/mnt/gpid07/users/morros/VFOA/TRAYECTORIAS2020_03_13/M2019-07-03-14-59-37/img/image_235.png -163.258394 -4.783816 2.525597 [449.109467, 280.268982]
/mnt/gpid07/users/morros/VFOA/TRAYECTORIAS2020_03_13/M2019-07-03-14-59-37/img/image_236.png -159.442695 -7.226597 2.148227 [460.021118, 297.27533]
/mnt/gpid07/users/morros/VFOA/TRAYECTORIAS2020_03_13/M2019-07-03-14-59-37/img/image_237.png -160.357213 -8.319550 3.506325 [468.520203, 308.203186]
/mnt/gpid07/users/morros/VFOA/TRAYECTORIAS2020_03_13/M2019-07-03-14-59-37/img/image_238.png -160.178449 -8.892381 3.293255 [472.582794, 311.755341]
/mnt/gpid07/users/morros/VFOA/TRAYECTORIAS2020_03_13/M2019-07-03-14-59-37/img/image_239.png -161.838750 -7.285747 4.077382 [483.535767, 321.72998]
/mnt/gpid07/users/morros/VFOA/TRAYECTORIAS2020_03_13/M2019-07-03-14-59-37/img/image_240.png -161.870054 -6.622866 3.660989 [486.603668, 326.036896]
/mnt/gpid07/users/morros/VFOA/TRAYECTORIAS2020_03_13/M2019-07-03-14-59-37/img/image_241.png -162.202550 -7.286020 3.466519 [474.040161, 321.619385]
/mnt/gpid07/users/morros/VFOA/TRAYECTORIAS2020_03_13/M2019-07-03-14-59-37/img/image_242.png -162.036129 -7.937692 3.247125 [482.360626, 334.071991]
/mnt/gpid07/users/morros/VFOA/TRAYECTORIAS2020_03_13/M2019-07-03-14-59-37/img/image_244.png -162.415376 -8.021473 3.871177 [476.085602, 335.99234]
/mnt/gpid07/users/morros/VFOA/TRAYECTORIAS2020_03_13/M2019-07-03-14-59-37/img/image_245.png -161.723043 -7.932768 2.725195 [471.548462, 344.636658]
/mnt/gpid07/users/morros/VFOA/TRAYECTORIAS2020_03_13/M2019-07-03-14-59-37/img/image_246.png -161.588935 -8.058169 2.748282 [472.617859, 345.472748]
/mnt/gpid07/users/morros/VFOA/TRAYECTORIAS2020_03_13/M2019-07-03-14-59-37/img/image_247.png 155.122623 3.506458 2.186060 [468.157684, 331.603668]
/mnt/gpid07/users/morros/VFOA/TRAYECTORIAS2020_03_13/M2019-07-03-14-59-37/img/image_248.png 139.223290 4.101970 4.373435 [472.219635, 312.750214]
/mnt/gpid07/users/morros/VFOA/TRAYECTORIAS2020_03_13/M2019-07-03-14-59-37/img/image_249.png 120.836691 2.390896 3.809244 [473.682007, 286.476013]
/mnt/gpid07/users/morros/VFOA/TRAYECTORIAS2020_03_13/M2019-07-03-14-59-37/img/image_250.png 101.252740 3.493825 3.211269 [473.802248, 283.774386]
/mnt/gpid07/users/morros/VFOA/TRAYECTORIAS2020_03_13/M2019-07-03-14-59-37/img/image_251.png 83.143322 5.853003 1.499010 [487.49469, 254.759766]
/mnt/gpid07/users/morros/VFOA/TRAYECTORIAS2020_03_13/M2019-07-03-14-59-37/img/image_252.png 78.977119 6.093529 1.012422 [506.406342, 251.805374]
/mnt/gpid07/users/morros/VFOA/TRAYECTORIAS2020_03_13/M2019-07-03-14-59-37/img/image_253.png 75.424846 5.944654 -0.518282 [508.349699, 251.770537]
/mnt/gpid07/users/morros/VFOA/TRAYECTORIAS2020_03_13/M2019-07-03-14-59-37/img/image_273.png 70.151914 5.326904 -2.351361 [551.931091, 252.580276]
/mnt/gpid07/users/morros/VFOA/TRAYECTORIAS2020_03_13/M2019-07-03-14-59-37/img/image_274.png 60.516734 8.685834 -2.327643 [531.964111, 255.545975]
/mnt/gpid07/users/morros/VFOA/TRAYECTORIAS2020_03_13/M2019-07-03-14-59-37/img/image_275.png 51.334047 10.242987 -3.968373 [521.310303, 249.925125]
/mnt/gpid07/users/morros/VFOA/TRAYECTORIAS2020_03_13/M2019-07-03-14-59-37/img/image_276.png 46.961037 9.394925 -4.943887 [517.356323, 234.635406]
/mnt/gpid07/users/morros/VFOA/TRAYECTORIAS2020_03_13/M2019-07-03-14-59-37/img/image_277.png 44.225645 9.163622 -3.513990 [512.194092, 212.718826]
/mnt/gpid07/users/morros/VFOA/TRAYECTORIAS2020_03_13/M2019-07-03-14-59-37/img/image_278.png 43.882202 10.069105 -2.868711 [513.667664, 191.638901]
/mnt/gpid07/users/morros/VFOA/TRAYECTORIAS2020_03_13/M2019-07-03-14-59-37/img/image_279.png 45.956167 13.456573 -3.608155 [507.719208, 179.958527]
/mnt/gpid07/users/morros/VFOA/TRAYECTORIAS2020_03_13/M2019-07-03-14-59-37/img/image_280.png 48.468665 14.790904 -2.857440 [496.509064, 177.852921]
/mnt/gpid07/users/morros/VFOA/TRAYECTORIAS2020_03_13/M2019-07-03-14-59-37/img/image_281.png 52.448393 13.151580 -1.115319 [483.377502, 181.943848]
/mnt/gpid07/users/morros/VFOA/TRAYECTORIAS2020_03_13/M2019-07-03-14-59-37/img/image_282.png 52.124136 12.639493 -0.695431 [460.639221, 191.562256]
/mnt/gpid07/users/morros/VFOA/TRAYECTORIAS2020_03_13/M2019-07-03-14-59-37/img/image_283.png 51.242934 14.126095 -0.615093 [438.114014, 192.182526]
/mnt/gpid07/users/morros/VFOA/TRAYECTORIAS2020_03_13/M2019-07-03-14-59-37/img/image_284.png 50.178087 16.094111 -1.089046 [425.376862, 195.376099]
/mnt/gpid07/users/morros/VFOA/TRAYECTORIAS2020_03_13/M2019-07-03-14-59-37/img/image_285.png 50.482987 18.927765 -2.104508 [424.192261, 210.875366]
/mnt/gpid07/users/morros/VFOA/TRAYECTORIAS2020_03_13/M2019-07-03-14-59-37/img/image_286.png 51.107548 20.872165 -1.446425 [424.189326, 212.54835]
/mnt/gpid07/users/morros/VFOA/TRAYECTORIAS2020_03_13/M2019-07-03-14-59-37/img/image_287.png 50.579223 24.548949 -1.538279 [424.200849, 212.577385]
/mnt/gpid07/users/morros/VFOA/TRAYECTORIAS2020_03_13/M2019-07-03-14-59-37/img/image_288.png 48.931367 29.821721 -2.062968 [469.960144, 297.549072]
/mnt/gpid07/users/morros/VFOA/TRAYECTORIAS2020_03_13/M2019-07-03-14-59-37/img/image_289.png 49.317299 30.391123 -2.847558 [474.993551, 306.895667]
/mnt/gpid07/users/morros/VFOA/TRAYECTORIAS2020_03_13/M2019-07-03-14-59-37/img/image_290.png 48.770438 30.474411 -3.343446 [475.089633, 307.074076]
/mnt/gpid07/users/morros/VFOA/TRAYECTORIAS2020_03_13/M2019-07-03-14-59-37/img/image_291.png 48.370433 29.024789 -3.485693 [475.049868, 307.000235]
/mnt/gpid07/users/morros/VFOA/TRAYECTORIAS2020_03_13/M2019-07-03-14-59-37/img/image_292.png 47.875652 24.155403 -3.875719 [475.044533, 306.990328]
/mnt/gpid07/users/morros/VFOA/TRAYECTORIAS2020_03_13/M2019-07-03-14-59-37/img/image_293.png 46.300974 15.937664 -4.012948 [475.044344, 306.989977]
/mnt/gpid07/users/morros/VFOA/TRAYECTORIAS2020_03_13/M2019-07-03-14-59-37/img/image_294.png 42.651044 3.559045 -3.541506 [421.514435, 313.970856]
/mnt/gpid07/users/morros/VFOA/TRAYECTORIAS2020_03_13/M2019-07-03-14-59-37/img/image_295.png 37.558725 -2.271266 -2.653613 [415.626147, 314.738756]
/mnt/gpid07/users/morros/VFOA/TRAYECTORIAS2020_03_13/M2019-07-03-14-59-37/img/image_296.png 34.266343 -3.988505 -1.157559 [415.513734, 314.753416]
/mnt/gpid07/users/morros/VFOA/TRAYECTORIAS2020_03_13/M2019-07-03-14-59-37/img/image_297.png 31.064026 -3.365594 -0.993227 [415.560252, 314.74735]
/mnt/gpid07/users/morros/VFOA/TRAYECTORIAS2020_03_13/M2019-07-03-14-59-37/img/image_298.png 28.146454 -4.531507 -1.187983 [415.566493, 314.746536]
/mnt/gpid07/users/morros/VFOA/TRAYECTORIAS2020_03_13/M2019-07-03-14-59-37/img/image_299.png 25.143511 -5.536640 -1.616578 [415.566714, 314.746507]
/mnt/gpid07/users/morros/VFOA/TRAYECTORIAS2020_03_13/M2019-07-03-14-59-37/img/image_300.png 24.066562 -5.900060 -3.378866 [415.566676, 314.746512]
/mnt/gpid07/users/morros/VFOA/TRAYECTORIAS2020_03_13/M2019-07-03-14-59-37/img/image_301.png 22.799934 -5.615945 -3.780980 [415.56667, 314.746513]
/mnt/gpid07/users/morros/VFOA/TRAYECTORIAS2020_03_13/M2019-07-03-14-59-37/img/image_302.png 19.306723 -5.467100 -4.123919 [415.566669, 314.746513]
/mnt/gpid07/users/morros/VFOA/TRAYECTORIAS2020_03_13/M2019-07-03-14-59-37/img/image_303.png 13.796519 -5.694491 -5.055051 [415.566669, 314.746513]
/mnt/gpid07/users/morros/VFOA/TRAYECTORIAS2020_03_13/M2019-07-03-14-59-37/img/image_304.png 4.031476 -5.919903 -4.782073 [415.566669, 314.746513]
/mnt/gpid07/users/morros/VFOA/TRAYECTORIAS2020_03_13/M2019-07-03-14-59-37/img/image_305.png -6.834001 -6.473181 -4.648775 [415.566669, 314.746513]
/mnt/gpid07/users/morros/VFOA/TRAYECTORIAS2020_03_13/M2019-07-03-14-59-37/img/image_306.png -18.005490 -5.270986 -4.062826 [415.566669, 314.746513]
/mnt/gpid07/users/morros/VFOA/TRAYECTORIAS2020_03_13/M2019-07-03-14-59-37/img/image_307.png -23.877475 -6.008544 -2.806330 [415.566669, 314.746513]
/mnt/gpid07/users/morros/VFOA/TRAYECTORIAS2020_03_13/M2019-07-03-14-59-37/img/image_308.png -29.606638 -7.487895 -1.862372 [415.566669, 314.746513]
/mnt/gpid07/users/morros/VFOA/TRAYECTORIAS2020_03_13/M2019-07-03-14-59-37/img/image_309.png -34.103016 -7.943485 -0.473957 [415.566669, 314.746513]
/mnt/gpid07/users/morros/VFOA/TRAYECTORIAS2020_03_13/M2019-07-03-14-59-37/img/image_310.png -36.066329 -7.622748 -1.226011 [415.566669, 314.746513]
/mnt/gpid07/users/morros/VFOA/TRAYECTORIAS2020_03_13/M2019-07-03-14-59-37/img/image_311.png -35.491753 -6.009334 -0.950313 [415.566669, 314.746513]
/mnt/gpid07/users/morros/VFOA/TRAYECTORIAS2020_03_13/M2019-07-03-14-59-37/img/image_312.png -34.124869 -4.058557 -1.789698 [415.566669, 314.746513]
/mnt/gpid07/users/morros/VFOA/TRAYECTORIAS2020_03_13/M2019-07-03-14-59-37/img/image_313.png -31.036935 -4.359293 -2.591535 [415.566669, 314.746513]
/mnt/gpid07/users/morros/VFOA/TRAYECTORIAS2020_03_13/M2019-07-03-14-59-37/img/image_314.png -30.483519 -4.471378 -2.756221 [415.566669, 314.746513]
/mnt/gpid07/users/morros/VFOA/TRAYECTORIAS2020_03_13/M2019-07-03-14-59-37/img/image_315.png -27.398705 -3.684160 -2.991197 [415.566669, 314.746513]
/mnt/gpid07/users/morros/VFOA/TRAYECTORIAS2020_03_13/M2019-07-03-14-59-37/img/image_316.png -26.592158 -3.439121 -2.325500 [415.566669, 314.746513]
/mnt/gpid07/users/morros/VFOA/TRAYECTORIAS2020_03_13/M2019-07-03-14-59-37/img/image_317.png -24.547727 -3.521431 -2.759346 [415.566669, 314.746513]
/mnt/gpid07/users/morros/VFOA/TRAYECTORIAS2020_03_13/M2019-07-03-14-59-37/img/image_318.png -25.105595 -3.589885 -2.393979 [415.566669, 314.746513]
/mnt/gpid07/users/morros/VFOA/TRAYECTORIAS2020_03_13/M2019-07-03-14-59-37/img/image_319.png -25.323328 -3.481169 -2.686185 [415.566669, 314.746513]
/mnt/gpid07/users/morros/VFOA/TRAYECTORIAS2020_03_13/M2019-07-03-14-59-37/img/image_320.png -26.189964 -3.320627 -2.701936 [415.566669, 314.746513]
/mnt/gpid07/users/morros/VFOA/TRAYECTORIAS2020_03_13/M2019-07-03-14-59-37/img/image_321.png -26.774634 -3.170027 -2.577354 [415.566669, 314.746513]
/mnt/gpid07/users/morros/VFOA/TRAYECTORIAS2020_03_13/M2019-07-03-14-59-37/img/image_322.png -30.215403 -0.598813 -2.440372 [415.566669, 314.746513]
/mnt/gpid07/users/morros/VFOA/TRAYECTORIAS2020_03_13/M2019-07-03-14-59-37/img/image_323.png -38.692293 -1.485950 -3.677497 [415.566669, 314.746513]
/mnt/gpid07/users/morros/VFOA/TRAYECTORIAS2020_03_13/M2019-07-03-14-59-37/img/image_324.png -44.967362 -0.569143 -4.643702 [415.566669, 314.746513]
/mnt/gpid07/users/morros/VFOA/TRAYECTORIAS2020_03_13/M2019-07-03-14-59-37/img/image_325.png -52.743915 0.315727 -5.832963 [415.566669, 314.746513]
/mnt/gpid07/users/morros/VFOA/TRAYECTORIAS2020_03_13/M2019-07-03-14-59-37/img/image_326.png -58.915253 -0.281906 -7.094146 [415.566669, 314.746513]
/mnt/gpid07/users/morros/VFOA/TRAYECTORIAS2020_03_13/M2019-07-03-14-59-37/img/image_327.png -62.133167 -0.539484 -7.255829 [415.566669, 314.746513]
/mnt/gpid07/users/morros/VFOA/TRAYECTORIAS2020_03_13/M2019-07-03-14-59-37/img/image_328.png -68.034717 -0.332146 -5.927838 [415.566669, 314.746513]
/mnt/gpid07/users/morros/VFOA/TRAYECTORIAS2020_03_13/M2019-07-03-14-59-37/img/image_329.png -75.082870 -0.170219 -4.764429 [415.566669, 314.746513]
/mnt/gpid07/users/morros/VFOA/TRAYECTORIAS2020_03_13/M2019-07-03-14-59-37/img/image_330.png -80.413691 -0.451121 -3.258447 [415.566669, 314.746513]
/mnt/gpid07/users/morros/VFOA/TRAYECTORIAS2020_03_13/M2019-07-03-14-59-37/img/image_331.png -84.255362 -0.501502 -2.303156 [415.566669, 314.746513]
/mnt/gpid07/users/morros/VFOA/TRAYECTORIAS2020_03_13/M2019-07-03-14-59-37/img/image_332.png -88.938146 -0.306921 -1.819253 [415.566669, 314.746513]
/mnt/gpid07/users/morros/VFOA/TRAYECTORIAS2020_03_13/M2019-07-03-14-59-37/img/image_333.png -93.658093 -0.099068 -1.061135 [415.566669, 314.746513]
/mnt/gpid07/users/morros/VFOA/TRAYECTORIAS2020_03_13/M2019-07-03-14-59-37/img/image_334.png -99.013266 0.466670 -0.388281 [415.566669, 314.746513]
/mnt/gpid07/users/morros/VFOA/TRAYECTORIAS2020_03_13/M2019-07-03-14-59-37/img/image_335.png -105.862262 0.009908 0.715119 [415.566669, 314.746513]
/mnt/gpid07/users/morros/VFOA/TRAYECTORIAS2020_03_13/M2019-07-03-14-59-37/img/image_336.png -114.923428 0.303944 1.783014 [415.566669, 314.746513]
/mnt/gpid07/users/morros/VFOA/TRAYECTORIAS2020_03_13/M2019-07-03-14-59-37/img/image_337.png -123.396429 0.738602 1.798923 [415.566669, 314.746513]
/mnt/gpid07/users/morros/VFOA/TRAYECTORIAS2020_03_13/M2019-07-03-14-59-37/img/image_338.png -130.965449 0.262656 0.560759 [415.566669, 314.746513]
/mnt/gpid07/users/morros/VFOA/TRAYECTORIAS2020_03_13/M2019-07-03-14-59-37/img/image_339.png -138.460648 -0.776404 0.412316 [415.566669, 314.746513]
/mnt/gpid07/users/morros/VFOA/TRAYECTORIAS2020_03_13/M2019-07-03-14-59-37/img/image_340.png -145.794572 -1.320543 0.928676 [415.566669, 314.746513]
/mnt/gpid07/users/morros/VFOA/TRAYECTORIAS2020_03_13/M2019-07-03-14-59-37/img/image_341.png -152.442449 -1.895088 0.755211 [415.566669, 314.746513]
/mnt/gpid07/users/morros/VFOA/TRAYECTORIAS2020_03_13/M2019-07-03-14-59-37/img/image_342.png -153.868820 -3.475273 -0.596563 [415.566669, 314.746513]
/mnt/gpid07/users/morros/VFOA/TRAYECTORIAS2020_03_13/M2019-07-03-14-59-37/img/image_343.png -156.467499 -3.126328 -1.126160 [415.566669, 314.746513]
/mnt/gpid07/users/morros/VFOA/TRAYECTORIAS2020_03_13/M2019-07-03-14-59-37/img/image_344.png -155.747975 -3.008552 -1.738304 [415.566669, 314.746513]
/mnt/gpid07/users/morros/VFOA/TRAYECTORIAS2020_03_13/M2019-07-03-14-59-37/img/image_345.png -155.503588 -3.115380 -1.170067 [415.566669, 314.746513]
/mnt/gpid07/users/morros/VFOA/TRAYECTORIAS2020_03_13/M2019-07-03-14-59-37/img/image_346.png -156.334106 -3.001271 -0.194672 [415.566669, 314.746513]
/mnt/gpid07/users/morros/VFOA/TRAYECTORIAS2020_03_13/M2019-07-03-14-59-37/img/image_347.png -158.546761 -2.753315 0.162048 [415.566669, 314.746513]
/mnt/gpid07/users/morros/VFOA/TRAYECTORIAS2020_03_13/M2019-07-03-14-59-37/img/image_348.png -161.721430 -2.560406 0.734689 [415.566669, 314.746513]
/mnt/gpid07/users/morros/VFOA/TRAYECTORIAS2020_03_13/M2019-07-03-14-59-37/img/image_349.png -170.256561 -2.171774 0.969355 [415.566669, 314.746513]
/mnt/gpid07/users/morros/VFOA/TRAYECTORIAS2020_03_13/M2019-07-03-14-59-37/img/image_350.png 177.486997 -1.609110 1.571968 [415.566669, 314.746513]
/mnt/gpid07/users/morros/VFOA/TRAYECTORIAS2020_03_13/M2019-07-03-14-59-37/img/image_351.png 165.738021 -0.376048 1.002512 [415.566669, 314.746513]
/mnt/gpid07/users/morros/VFOA/TRAYECTORIAS2020_03_13/M2019-07-03-14-59-37/img/image_352.png 155.331930 -0.948651 0.208117 [415.566669, 314.746513]
/mnt/gpid07/users/morros/VFOA/TRAYECTORIAS2020_03_13/M2019-07-03-14-59-37/img/image_353.png 143.359307 -2.081923 -0.588686 [415.566669, 314.746513]
/mnt/gpid07/users/morros/VFOA/TRAYECTORIAS2020_03_13/M2019-07-03-14-59-37/img/image_354.png 133.978178 -3.016847 -0.714150 [415.566669, 314.746513]
/mnt/gpid07/users/morros/VFOA/TRAYECTORIAS2020_03_13/M2019-07-03-14-59-37/img/image_355.png 125.144720 -4.349328 -1.371836 [415.566669, 314.746513]
/mnt/gpid07/users/morros/VFOA/TRAYECTORIAS2020_03_13/M2019-07-03-14-59-37/img/image_356.png 115.989413 -4.680893 -1.313534 [415.566669, 314.746513]
/mnt/gpid07/users/morros/VFOA/TRAYECTORIAS2020_03_13/M2019-07-03-14-59-37/img/image_357.png 112.547506 -6.000706 -1.918840 [415.566669, 314.746513]
/mnt/gpid07/users/morros/VFOA/TRAYECTORIAS2020_03_13/M2019-07-03-14-59-37/img/image_358.png 109.352239 -6.524888 -0.954937 [415.566669, 314.746513]
/mnt/gpid07/users/morros/VFOA/TRAYECTORIAS2020_03_13/M2019-07-03-14-59-37/img/image_359.png 108.527759 -6.241180 -0.469320 [415.566669, 314.746513]
/mnt/gpid07/users/morros/VFOA/TRAYECTORIAS2020_03_13/M2019-07-03-14-59-37/img/image_360.png 107.715391 -4.883902 0.349397 [415.566669, 314.746513]
/mnt/gpid07/users/morros/VFOA/TRAYECTORIAS2020_03_13/M2019-07-03-14-59-37/img/image_361.png 107.356975 -4.415908 0.741836 [415.566669, 314.746513]
/mnt/gpid07/users/morros/VFOA/TRAYECTORIAS2020_03_13/M2019-07-03-14-59-37/img/image_362.png 108.267630 -6.068936 1.359146 [415.566669, 314.746513]
/mnt/gpid07/users/morros/VFOA/TRAYECTORIAS2020_03_13/M2019-07-03-14-59-37/img/image_363.png 110.055952 -6.980545 1.023721 [415.566669, 314.746513]
/mnt/gpid07/users/morros/VFOA/TRAYECTORIAS2020_03_13/M2019-07-03-14-59-37/img/image_364.png 112.274556 -7.875068 1.485298 [415.566669, 314.746513]
/mnt/gpid07/users/morros/VFOA/TRAYECTORIAS2020_03_13/M2019-07-03-14-59-37/img/image_365.png 111.526969 -6.550327 3.014039 [415.566669, 314.746513]
/mnt/gpid07/users/morros/VFOA/TRAYECTORIAS2020_03_13/M2019-07-03-14-59-37/img/image_366.png 111.811431 -6.566190 2.667866 [415.566669, 314.746513]
/mnt/gpid07/users/morros/VFOA/TRAYECTORIAS2020_03_13/M2019-07-03-14-59-37/img/image_367.png 112.709962 -6.713142 1.948597 [415.566669, 314.746513]
/mnt/gpid07/users/morros/VFOA/TRAYECTORIAS2020_03_13/M2019-07-03-14-59-37/img/image_368.png 113.263876 -7.618821 2.089871 [415.566669, 314.746513]
/mnt/gpid07/users/morros/VFOA/TRAYECTORIAS2020_03_13/M2019-07-03-14-59-37/img/image_369.png 114.394098 -8.196991 1.538565 [415.566669, 314.746513]
/mnt/gpid07/users/morros/VFOA/TRAYECTORIAS2020_03_13/M2019-07-03-14-59-37/img/image_370.png 117.259913 -8.636210 1.404680 [319.992554, 336.249603]
/mnt/gpid07/users/morros/VFOA/TRAYECTORIAS2020_03_13/M2019-07-03-14-59-37/img/image_371.png 121.060388 -9.061654 0.847303 [332.575104, 331.285828]
/mnt/gpid07/users/morros/VFOA/TRAYECTORIAS2020_03_13/M2019-07-03-14-59-37/img/image_372.png 123.724554 -9.170484 0.524002 [344.246552, 325.973297]
/mnt/gpid07/users/morros/VFOA/TRAYECTORIAS2020_03_13/M2019-07-03-14-59-37/img/image_373.png 124.337506 -9.163922 0.373860 [347.068604, 319.473206]
/mnt/gpid07/users/morros/VFOA/TRAYECTORIAS2020_03_13/M2019-07-03-14-59-37/img/image_374.png -177.095737 35.855508 0.662063 [346.212494, 320.111115]
/mnt/gpid07/users/morros/VFOA/TRAYECTORIAS2020_03_13/M2019-07-03-14-59-37/img/image_375.png -172.019579 35.770969 8.546051 [338.456116, 325.404877]
/mnt/gpid07/users/morros/VFOA/TRAYECTORIAS2020_03_13/M2019-07-03-14-59-37/img/image_376.png -172.438519 36.603683 9.098252 [321.728882, 334.548065]
/mnt/gpid07/users/morros/VFOA/TRAYECTORIAS2020_03_13/M2019-07-03-14-59-37/img/image_377.png -178.028338 37.152983 7.699621 [301.084808, 345.279877]
/mnt/gpid07/users/morros/VFOA/TRAYECTORIAS2020_03_13/M2019-07-03-14-59-37/img/image_378.png 173.633401 38.062683 5.290036 [279.902466, 355.634705]
/mnt/gpid07/users/morros/VFOA/TRAYECTORIAS2020_03_13/M2019-07-03-14-59-37/img/image_379.png 167.330531 39.730183 3.093837 [277.778849, 356.666418]
/mnt/gpid07/users/morros/VFOA/TRAYECTORIAS2020_03_13/M2019-07-03-14-59-37/img/image_380.png 164.111297 41.159791 2.351993 [244.184464, 372.283203]
/mnt/gpid07/users/morros/VFOA/TRAYECTORIAS2020_03_13/M2019-07-03-14-59-37/img/image_394.png 159.782040 40.520767 0.479643 [301.843048, 438.599182]
/mnt/gpid07/users/morros/VFOA/TRAYECTORIAS2020_03_13/M2019-07-03-14-59-37/img/image_398.png 158.961583 39.370059 0.289999 [355.63623, 429.946075]
/mnt/gpid07/users/morros/VFOA/TRAYECTORIAS2020_03_13/M2019-07-03-14-59-37/img/image_399.png 159.344404 38.984819 0.077334 [376.03241, 417.970764]
/mnt/gpid07/users/morros/VFOA/TRAYECTORIAS2020_03_13/M2019-07-03-14-59-37/img/image_400.png 164.510000 38.442931 3.038369 [397.843231, 405.93396]
/mnt/gpid07/users/morros/VFOA/TRAYECTORIAS2020_03_13/M2019-07-03-14-59-37/img/image_401.png 166.546581 37.192820 3.410847 [409.493378, 398.217468]
/mnt/gpid07/users/morros/VFOA/TRAYECTORIAS2020_03_13/M2019-07-03-14-59-37/img/image_402.png 166.592120 34.743858 4.796315 [421.574005, 389.537781]
/mnt/gpid07/users/morros/VFOA/TRAYECTORIAS2020_03_13/M2019-07-03-14-59-37/img/image_403.png 163.658676 31.179009 5.255549 [435.790894, 398.717926]
/mnt/gpid07/users/morros/VFOA/TRAYECTORIAS2020_03_13/M2019-07-03-14-59-37/img/image_404.png 159.373123 30.366826 5.515553 [456.304291, 418.279999]
/mnt/gpid07/users/morros/VFOA/TRAYECTORIAS2020_03_13/M2019-07-03-14-59-37/img/image_405.png 155.285300 29.362031 4.729822 [473.463562, 435.946533]
/mnt/gpid07/users/morros/VFOA/TRAYECTORIAS2020_03_13/M2019-07-03-14-59-37/img/image_406.png 151.569180 28.797606 4.638603 [476.060913, 440.741394]
/mnt/gpid07/users/morros/VFOA/TRAYECTORIAS2020_03_13/M2019-07-03-14-59-37/img/image_408.png 146.043431 28.556288 3.582973 [494.832245, 445.835876]
/mnt/gpid07/users/morros/VFOA/TRAYECTORIAS2020_03_13/M2019-07-03-14-59-37/img/image_409.png 142.998030 29.097200 2.791630 [494.502899, 427.756409]
/mnt/gpid07/users/morros/VFOA/TRAYECTORIAS2020_03_13/M2019-07-03-14-59-37/img/image_410.png 136.709542 28.718625 2.344910 [505.439911, 400.651886]
/mnt/gpid07/users/morros/VFOA/TRAYECTORIAS2020_03_13/M2019-07-03-14-59-37/img/image_411.png 128.208088 27.183157 2.190459 [517.627136, 371.634216]
/mnt/gpid07/users/morros/VFOA/TRAYECTORIAS2020_03_13/M2019-07-03-14-59-37/img/image_412.png 118.152453 26.107711 2.191384 [527.598877, 357.152466]
/mnt/gpid07/users/morros/VFOA/TRAYECTORIAS2020_03_13/M2019-07-03-14-59-37/img/image_413.png 111.434667 22.780597 2.607842 [528.648071, 345.523865]
/mnt/gpid07/users/morros/VFOA/TRAYECTORIAS2020_03_13/M2019-07-03-14-59-37/img/image_414.png 106.879833 16.620732 2.623498 [521.573425, 335.867218]
/mnt/gpid07/users/morros/VFOA/TRAYECTORIAS2020_03_13/M2019-07-03-14-59-37/img/image_415.png 102.660433 9.379786 2.939840 [507.67157, 327.739349]
/mnt/gpid07/users/morros/VFOA/TRAYECTORIAS2020_03_13/M2019-07-03-14-59-37/img/image_416.png 98.962332 5.394478 3.879553 [506.213112, 326.94185]
/mnt/gpid07/users/morros/VFOA/TRAYECTORIAS2020_03_13/M2019-07-03-14-59-37/img/image_417.png 98.819772 -0.907919 4.782300 [462.51297, 323.981567]
/mnt/gpid07/users/morros/VFOA/TRAYECTORIAS2020_03_13/M2019-07-03-14-59-37/img/image_418.png 100.565790 -5.674545 6.423637 [444.161499, 317.227844]
/mnt/gpid07/users/morros/VFOA/TRAYECTORIAS2020_03_13/M2019-07-03-14-59-37/img/image_419.png 103.184002 -9.495890 5.195245 [434.710205, 317.475342]
/mnt/gpid07/users/morros/VFOA/TRAYECTORIAS2020_03_13/M2019-07-03-14-59-37/img/image_420.png 105.415411 -11.867584 3.863328 [426.130066, 312.290436]
/mnt/gpid07/users/morros/VFOA/TRAYECTORIAS2020_03_13/M2019-07-03-14-59-37/img/image_421.png 104.705925 -11.554465 3.348272 [431.418365, 303.267792]
/mnt/gpid07/users/morros/VFOA/TRAYECTORIAS2020_03_13/M2019-07-03-14-59-37/img/image_422.png 106.398280 -11.944433 2.325881 [449.177216, 292.737457]
/mnt/gpid07/users/morros/VFOA/TRAYECTORIAS2020_03_13/M2019-07-03-14-59-37/img/image_423.png 106.707258 -12.012676 2.422686 [462.617126, 278.635376]
/mnt/gpid07/users/morros/VFOA/TRAYECTORIAS2020_03_13/M2019-07-03-14-59-37/img/image_424.png 104.176740 -11.457885 3.030624 [467.974243, 266.012024]
/mnt/gpid07/users/morros/VFOA/TRAYECTORIAS2020_03_13/M2019-07-03-14-59-37/img/image_425.png 103.377828 -10.658034 3.542100 [477.070984, 264.450409]
/mnt/gpid07/users/morros/VFOA/TRAYECTORIAS2020_03_13/M2019-07-03-14-59-37/img/image_426.png 102.754266 -10.632857 3.583468 [468.761383, 265.287292]
/mnt/gpid07/users/morros/VFOA/TRAYECTORIAS2020_03_13/M2019-07-03-14-59-37/img/image_427.png 96.229265 -6.038592 6.051066 [451.788147, 264.709045]
/mnt/gpid07/users/morros/VFOA/TRAYECTORIAS2020_03_13/M2019-07-03-14-59-37/img/image_428.png 91.867749 -2.473249 7.177553 [430.44046, 261.564056]
/mnt/gpid07/users/morros/VFOA/TRAYECTORIAS2020_03_13/M2019-07-03-14-59-37/img/image_429.png 85.528484 1.378719 7.650587 [406.493103, 250.877258]
/mnt/gpid07/users/morros/VFOA/TRAYECTORIAS2020_03_13/M2019-07-03-14-59-37/img/image_430.png 78.686653 4.335572 6.676410 [389.732178, 235.710007]
/mnt/gpid07/users/morros/VFOA/TRAYECTORIAS2020_03_13/M2019-07-03-14-59-37/img/image_431.png 72.745961 8.112769 5.314446 [376.587006, 220.030914]
/mnt/gpid07/users/morros/VFOA/TRAYECTORIAS2020_03_13/M2019-07-03-14-59-37/img/image_432.png 68.282475 11.376847 4.399303 [363.992218, 203.672333]
/mnt/gpid07/users/morros/VFOA/TRAYECTORIAS2020_03_13/M2019-07-03-14-59-37/img/image_433.png 65.519858 14.667118 3.416518 [357.691467, 196.300217]
/mnt/gpid07/users/morros/VFOA/TRAYECTORIAS2020_03_13/M2019-07-03-14-59-37/img/image_434.png 63.692304 16.600541 2.100070 [359.181458, 195.010025]
/mnt/gpid07/users/morros/VFOA/TRAYECTORIAS2020_03_13/M2019-07-03-14-59-37/img/image_435.png 60.328777 19.144824 0.032473 [366.915619, 202.401276]
/mnt/gpid07/users/morros/VFOA/TRAYECTORIAS2020_03_13/M2019-07-03-14-59-37/img/image_436.png 59.594992 22.016177 -1.956655 [372.582825, 213.871536]
/mnt/gpid07/users/morros/VFOA/TRAYECTORIAS2020_03_13/M2019-07-03-14-59-37/img/image_437.png 58.706014 23.912997 -2.328047 [374.827057, 229.541565]
/mnt/gpid07/users/morros/VFOA/TRAYECTORIAS2020_03_13/M2019-07-03-14-59-37/img/image_438.png 58.363509 27.223683 -1.956292 [364.609863, 240.015457]
/mnt/gpid07/users/morros/VFOA/TRAYECTORIAS2020_03_13/M2019-07-03-14-59-37/img/image_439.png 62.720420 30.120044 -0.244176 [346.140991, 244.775955]
/mnt/gpid07/users/morros/VFOA/TRAYECTORIAS2020_03_13/M2019-07-03-14-59-37/img/image_440.png 64.053716 32.723420 0.825057 [319.422638, 246.789825]
/mnt/gpid07/users/morros/VFOA/TRAYECTORIAS2020_03_13/M2019-07-03-14-59-37/img/image_441.png 66.745862 33.150362 1.135573 [298.321411, 245.756348]
/mnt/gpid07/users/morros/VFOA/TRAYECTORIAS2020_03_13/M2019-07-03-14-59-37/img/image_442.png 67.990682 32.872935 1.441544 [279.669861, 241.410309]
/mnt/gpid07/users/morros/VFOA/TRAYECTORIAS2020_03_13/M2019-07-03-14-59-37/img/image_443.png 70.120685 29.950520 2.364549 [277.829203, 240.942579]
/mnt/gpid07/users/morros/VFOA/TRAYECTORIAS2020_03_13/M2019-07-03-14-59-37/img/image_444.png 72.059091 24.888151 3.039970 [277.813246, 240.934589]
/mnt/gpid07/users/morros/VFOA/TRAYECTORIAS2020_03_13/M2019-07-03-14-59-37/img/image_445.png 85.916872 15.784595 4.129364 [277.829897, 240.938388]
/mnt/gpid07/users/morros/VFOA/TRAYECTORIAS2020_03_13/M2019-07-03-14-59-37/img/image_446.png 110.055322 1.507270 0.532685 [243.655594, 256.446747]
/mnt/gpid07/users/morros/VFOA/TRAYECTORIAS2020_03_13/M2019-07-03-14-59-37/img/image_447.png 136.643572 -2.511710 -1.869859 [244.076996, 266.051025]
/mnt/gpid07/users/morros/VFOA/TRAYECTORIAS2020_03_13/M2019-07-03-14-59-37/img/image_448.png 160.446715 -3.997393 -1.086667 [241.035828, 281.518127]
/mnt/gpid07/users/morros/VFOA/TRAYECTORIAS2020_03_13/M2019-07-03-14-59-37/img/image_449.png -176.882764 -4.010255 2.413987 [242.406479, 295.900452]
/mnt/gpid07/users/morros/VFOA/TRAYECTORIAS2020_03_13/M2019-07-03-14-59-37/img/image_450.png -161.107450 5.897540 8.120647 [242.587662, 297.327836]
/mnt/gpid07/users/morros/VFOA/TRAYECTORIAS2020_03_13/M2019-07-03-14-59-37/img/image_451.png -135.121226 17.326840 11.848266 [240.842545, 329.172363]
/mnt/gpid07/users/morros/VFOA/TRAYECTORIAS2020_03_13/M2019-07-03-14-59-37/img/image_452.png -116.384651 16.735058 9.322418 [237.708115, 336.084259]
/mnt/gpid07/users/morros/VFOA/TRAYECTORIAS2020_03_13/M2019-07-03-14-59-37/img/image_453.png -115.008534 8.609121 2.087536 [229.911102, 336.585541]
/mnt/gpid07/users/morros/VFOA/TRAYECTORIAS2020_03_13/M2019-07-03-14-59-37/img/image_454.png -108.976451 4.041692 0.826203 [229.084775, 336.571563]
/mnt/gpid07/users/morros/VFOA/TRAYECTORIAS2020_03_13/M2019-07-03-14-59-37/img/image_455.png -101.792297 8.405901 4.118532 [229.071849, 336.565012]
/mnt/gpid07/users/morros/VFOA/TRAYECTORIAS2020_03_13/M2019-07-03-14-59-37/img/image_456.png -96.177110 11.286520 8.784455 [191.593216, 321.865234]
/mnt/gpid07/users/morros/VFOA/TRAYECTORIAS2020_03_13/M2019-07-03-14-59-37/img/image_457.png -95.701269 13.076974 10.923795 [175.403595, 323.446777]
/mnt/gpid07/users/morros/VFOA/TRAYECTORIAS2020_03_13/M2019-07-03-14-59-37/img/image_458.png -96.385560 12.755183 12.406933 [180.590805, 309.515991]
/mnt/gpid07/users/morros/VFOA/TRAYECTORIAS2020_03_13/M2019-07-03-14-59-37/img/image_459.png -94.483760 10.685560 13.037676 [175.270065, 304.273193]
/mnt/gpid07/users/morros/VFOA/TRAYECTORIAS2020_03_13/M2019-07-03-14-59-37/img/image_460.png -91.002347 8.949067 12.113257 [197.234573, 290.160828]
/mnt/gpid07/users/morros/VFOA/TRAYECTORIAS2020_03_13/M2019-07-03-14-59-37/img/image_461.png -91.112779 5.104347 9.648137 [221.659668, 279.924042]
/mnt/gpid07/users/morros/VFOA/TRAYECTORIAS2020_03_13/M2019-07-03-14-59-37/img/image_462.png -93.466452 6.484734 8.922104 [244.406082, 271.579926]
/mnt/gpid07/users/morros/VFOA/TRAYECTORIAS2020_03_13/M2019-07-03-14-59-37/img/image_463.png -96.890663 11.846842 8.622395 [250.05928, 266.997314]
/mnt/gpid07/users/morros/VFOA/TRAYECTORIAS2020_03_13/M2019-07-03-14-59-37/img/image_464.png -97.667325 15.734983 8.766802 [249.048325, 266.648743]
/mnt/gpid07/users/morros/VFOA/TRAYECTORIAS2020_03_13/M2019-07-03-14-59-37/img/image_465.png -97.199303 14.817430 11.594715 [251.913467, 262.102325]
/mnt/gpid07/users/morros/VFOA/TRAYECTORIAS2020_03_13/M2019-07-03-14-59-37/img/image_466.png -97.634163 13.927629 12.341424 [265.818604, 248.126663]
/mnt/gpid07/users/morros/VFOA/TRAYECTORIAS2020_03_13/M2019-07-03-14-59-37/img/image_467.png -96.891578 7.171520 12.420003 [288.233917, 229.134003]
/mnt/gpid07/users/morros/VFOA/TRAYECTORIAS2020_03_13/M2019-07-03-14-59-37/img/image_468.png -97.188823 9.279033 11.214752 [312.232117, 202.171127]
