/mnt/gpid07/users/morros/VFOA/TRAYECTORIAS2020_03_13/M2019-07-03-14-56-49/img/image_202.png 1.438779 34.320393 4.164656 [562.767151, 261.265137]
/mnt/gpid07/users/morros/VFOA/TRAYECTORIAS2020_03_13/M2019-07-03-14-56-49/img/image_203.png 1.037306 34.201243 3.819099 [538.46344, 275.247803]
/mnt/gpid07/users/morros/VFOA/TRAYECTORIAS2020_03_13/M2019-07-03-14-56-49/img/image_204.png 1.734606 33.863890 3.735355 [518.495667, 276.919891]
/mnt/gpid07/users/morros/VFOA/TRAYECTORIAS2020_03_13/M2019-07-03-14-56-49/img/image_205.png 2.009149 34.336434 2.890768 [498.881866, 271.114624]
/mnt/gpid07/users/morros/VFOA/TRAYECTORIAS2020_03_13/M2019-07-03-14-56-49/img/image_206.png 2.966688 36.084640 2.644236 [481.17041, 260.371307]
/mnt/gpid07/users/morros/VFOA/TRAYECTORIAS2020_03_13/M2019-07-03-14-56-49/img/image_207.png 3.144513 37.752386 2.587896 [466.815216, 245.345657]
/mnt/gpid07/users/morros/VFOA/TRAYECTORIAS2020_03_13/M2019-07-03-14-56-49/img/image_208.png 3.520553 39.434141 2.997802 [450.032471, 230.635132]
/mnt/gpid07/users/morros/VFOA/TRAYECTORIAS2020_03_13/M2019-07-03-14-56-49/img/image_209.png 3.593265 41.750433 3.019386 [436.069031, 220.409058]
/mnt/gpid07/users/morros/VFOA/TRAYECTORIAS2020_03_13/M2019-07-03-14-56-49/img/image_210.png 3.602885 43.907063 2.764967 [425.368225, 215.863739]
/mnt/gpid07/users/morros/VFOA/TRAYECTORIAS2020_03_13/M2019-07-03-14-56-49/img/image_211.png 3.344604 46.519386 2.766429 [411.157684, 215.935547]
/mnt/gpid07/users/morros/VFOA/TRAYECTORIAS2020_03_13/M2019-07-03-14-56-49/img/image_212.png 3.322271 49.265159 2.960771 [391.403076, 224.74054]
/mnt/gpid07/users/morros/VFOA/TRAYECTORIAS2020_03_13/M2019-07-03-14-56-49/img/image_213.png 4.194506 51.267569 3.653520 [370.03302, 237.584732]
/mnt/gpid07/users/morros/VFOA/TRAYECTORIAS2020_03_13/M2019-07-03-14-56-49/img/image_214.png 3.862619 52.620303 3.538920 [348.25177, 245.576035]
/mnt/gpid07/users/morros/VFOA/TRAYECTORIAS2020_03_13/M2019-07-03-14-56-49/img/image_215.png 4.102556 53.210820 3.629978 [333.659546, 248.282852]
/mnt/gpid07/users/morros/VFOA/TRAYECTORIAS2020_03_13/M2019-07-03-14-56-49/img/image_216.png 3.966724 53.378455 3.596087 [325.576416, 245.339661]
/mnt/gpid07/users/morros/VFOA/TRAYECTORIAS2020_03_13/M2019-07-03-14-56-49/img/image_217.png 3.923151 53.878635 3.681388 [320.773346, 239.895737]
/mnt/gpid07/users/morros/VFOA/TRAYECTORIAS2020_03_13/M2019-07-03-14-56-49/img/image_218.png 3.610847 54.294482 3.526180 [313.732056, 232.331604]
/mnt/gpid07/users/morros/VFOA/TRAYECTORIAS2020_03_13/M2019-07-03-14-56-49/img/image_219.png 3.520254 54.661790 3.328632 [304.839935, 225.935776]
/mnt/gpid07/users/morros/VFOA/TRAYECTORIAS2020_03_13/M2019-07-03-14-56-49/img/image_220.png 3.660141 54.056036 3.428985 [293.883606, 220.256226]
/mnt/gpid07/users/morros/VFOA/TRAYECTORIAS2020_03_13/M2019-07-03-14-56-49/img/image_221.png 4.003510 51.985182 3.721044 [286.741394, 217.537323]
/mnt/gpid07/users/morros/VFOA/TRAYECTORIAS2020_03_13/M2019-07-03-14-56-49/img/image_222.png 4.292680 48.219169 3.819203 [279.368317, 215.11467]
/mnt/gpid07/users/morros/VFOA/TRAYECTORIAS2020_03_13/M2019-07-03-14-56-49/img/image_223.png 4.689631 43.239868 3.889808 [275.04068, 216.070862]
/mnt/gpid07/users/morros/VFOA/TRAYECTORIAS2020_03_13/M2019-07-03-14-56-49/img/image_224.png 3.971793 24.025341 2.710585 [274.638371, 216.200269]
/mnt/gpid07/users/morros/VFOA/TRAYECTORIAS2020_03_13/M2019-07-03-14-56-49/img/image_226.png 5.961182 23.272567 3.083440 [274.641309, 216.204162]
/mnt/gpid07/users/morros/VFOA/TRAYECTORIAS2020_03_13/M2019-07-03-14-56-49/img/image_227.png 8.597412 22.189585 4.315951 [253.221436, 208.251984]
/mnt/gpid07/users/morros/VFOA/TRAYECTORIAS2020_03_13/M2019-07-03-14-56-49/img/image_228.png 12.729800 20.590614 4.591905 [250.86521, 207.377252]
/mnt/gpid07/users/morros/VFOA/TRAYECTORIAS2020_03_13/M2019-07-03-14-56-49/img/image_229.png 11.552575 23.479448 5.119819 [251.143402, 209.241409]
/mnt/gpid07/users/morros/VFOA/TRAYECTORIAS2020_03_13/M2019-07-03-14-56-49/img/image_235.png 15.557691 21.334043 4.571091 [255.713364, 208.550201]
/mnt/gpid07/users/morros/VFOA/TRAYECTORIAS2020_03_13/M2019-07-03-14-56-49/img/image_236.png 17.460809 21.091123 4.818306 [256.20978, 208.450316]
/mnt/gpid07/users/morros/VFOA/TRAYECTORIAS2020_03_13/M2019-07-03-14-56-49/img/image_237.png 19.682589 20.405124 4.612711 [274.182587, 210.310089]
/mnt/gpid07/users/morros/VFOA/TRAYECTORIAS2020_03_13/M2019-07-03-14-56-49/img/image_238.png 22.494818 19.392853 4.169953 [286.011292, 214.102509]
/mnt/gpid07/users/morros/VFOA/TRAYECTORIAS2020_03_13/M2019-07-03-14-56-49/img/image_239.png 25.729142 18.309982 3.756943 [301.780365, 215.147858]
/mnt/gpid07/users/morros/VFOA/TRAYECTORIAS2020_03_13/M2019-07-03-14-56-49/img/image_240.png 28.846697 16.057594 3.254768 [312.955505, 214.997971]
/mnt/gpid07/users/morros/VFOA/TRAYECTORIAS2020_03_13/M2019-07-03-14-56-49/img/image_241.png 31.430418 14.233441 2.643359 [322.981598, 215.106842]
/mnt/gpid07/users/morros/VFOA/TRAYECTORIAS2020_03_13/M2019-07-03-14-56-49/img/image_242.png 32.750337 12.780551 2.435730 [326.614502, 212.019913]
/mnt/gpid07/users/morros/VFOA/TRAYECTORIAS2020_03_13/M2019-07-03-14-56-49/img/image_243.png 34.458863 10.961686 2.410277 [330.899445, 210.829269]
/mnt/gpid07/users/morros/VFOA/TRAYECTORIAS2020_03_13/M2019-07-03-14-56-49/img/image_244.png 35.824672 10.286107 2.661198 [333.075317, 207.72876]
/mnt/gpid07/users/morros/VFOA/TRAYECTORIAS2020_03_13/M2019-07-03-14-56-49/img/image_245.png 36.501302 10.278858 2.979711 [328.772705, 205.724503]
/mnt/gpid07/users/morros/VFOA/TRAYECTORIAS2020_03_13/M2019-07-03-14-56-49/img/image_246.png 37.739213 9.922425 3.258638 [319.926239, 211.910507]
/mnt/gpid07/users/morros/VFOA/TRAYECTORIAS2020_03_13/M2019-07-03-14-56-49/img/image_247.png 38.849182 9.178453 3.226091 [302.885437, 223.269821]
/mnt/gpid07/users/morros/VFOA/TRAYECTORIAS2020_03_13/M2019-07-03-14-56-49/img/image_248.png 39.772233 9.363383 3.277062 [284.279572, 236.595474]
/mnt/gpid07/users/morros/VFOA/TRAYECTORIAS2020_03_13/M2019-07-03-14-56-49/img/image_249.png 41.684952 9.756267 3.108399 [267.798431, 249.137177]
/mnt/gpid07/users/morros/VFOA/TRAYECTORIAS2020_03_13/M2019-07-03-14-56-49/img/image_250.png 43.449049 10.333535 3.106921 [256.783203, 257.810516]
/mnt/gpid07/users/morros/VFOA/TRAYECTORIAS2020_03_13/M2019-07-03-14-56-49/img/image_251.png 45.167330 11.174208 3.263223 [248.262283, 259.172668]
/mnt/gpid07/users/morros/VFOA/TRAYECTORIAS2020_03_13/M2019-07-03-14-56-49/img/image_252.png 47.352170 11.683167 3.388242 [240.560745, 255.647156]
/mnt/gpid07/users/morros/VFOA/TRAYECTORIAS2020_03_13/M2019-07-03-14-56-49/img/image_253.png 48.741936 12.204415 3.435381 [233.766586, 246.851547]
/mnt/gpid07/users/morros/VFOA/TRAYECTORIAS2020_03_13/M2019-07-03-14-56-49/img/image_254.png 52.189414 13.013391 3.096800 [229.223663, 239.825882]
/mnt/gpid07/users/morros/VFOA/TRAYECTORIAS2020_03_13/M2019-07-03-14-56-49/img/image_255.png 57.561926 14.224532 2.887359 [227.055573, 234.194061]
/mnt/gpid07/users/morros/VFOA/TRAYECTORIAS2020_03_13/M2019-07-03-14-56-49/img/image_256.png 60.252317 16.667218 3.557075 [226.152222, 231.092407]
/mnt/gpid07/users/morros/VFOA/TRAYECTORIAS2020_03_13/M2019-07-03-14-56-49/img/image_257.png 64.061987 18.672069 3.252711 [222.602875, 228.267868]
/mnt/gpid07/users/morros/VFOA/TRAYECTORIAS2020_03_13/M2019-07-03-14-56-49/img/image_258.png 66.619056 22.644870 3.657222 [219.800186, 228.945679]
/mnt/gpid07/users/morros/VFOA/TRAYECTORIAS2020_03_13/M2019-07-03-14-56-49/img/image_259.png 68.653220 25.770638 3.638346 [219.297302, 229.562164]
/mnt/gpid07/users/morros/VFOA/TRAYECTORIAS2020_03_13/M2019-07-03-14-56-49/img/image_260.png 68.983292 29.987784 3.609093 [217.197678, 230.489365]
/mnt/gpid07/users/morros/VFOA/TRAYECTORIAS2020_03_13/M2019-07-03-14-56-49/img/image_261.png 69.341708 33.615508 3.703498 [216.881439, 231.287354]
/mnt/gpid07/users/morros/VFOA/TRAYECTORIAS2020_03_13/M2019-07-03-14-56-49/img/image_262.png 69.824368 36.878896 3.743957 [217.445877, 231.960617]
/mnt/gpid07/users/morros/VFOA/TRAYECTORIAS2020_03_13/M2019-07-03-14-56-49/img/image_263.png 70.491594 38.714122 3.912748 [216.569946, 230.13533]
/mnt/gpid07/users/morros/VFOA/TRAYECTORIAS2020_03_13/M2019-07-03-14-56-49/img/image_264.png 71.080892 40.812721 4.075652 [216.924561, 230.550964]
/mnt/gpid07/users/morros/VFOA/TRAYECTORIAS2020_03_13/M2019-07-03-14-56-49/img/image_265.png 71.633132 42.485938 4.032753 [219.683441, 231.820099]
/mnt/gpid07/users/morros/VFOA/TRAYECTORIAS2020_03_13/M2019-07-03-14-56-49/img/image_266.png 71.375872 44.216346 3.950996 [221.827896, 233.139572]
/mnt/gpid07/users/morros/VFOA/TRAYECTORIAS2020_03_13/M2019-07-03-14-56-49/img/image_267.png 70.762521 45.359368 3.455073 [222.501282, 238.31955]
/mnt/gpid07/users/morros/VFOA/TRAYECTORIAS2020_03_13/M2019-07-03-14-56-49/img/image_268.png 70.933399 46.468706 3.518974 [229.181244, 241.608459]
/mnt/gpid07/users/morros/VFOA/TRAYECTORIAS2020_03_13/M2019-07-03-14-56-49/img/image_269.png 70.998352 46.667467 3.511406 [223.582245, 242.503799]
/mnt/gpid07/users/morros/VFOA/TRAYECTORIAS2020_03_13/M2019-07-03-14-56-49/img/image_270.png 70.934823 46.735906 3.472207 [223.165848, 241.940552]
/mnt/gpid07/users/morros/VFOA/TRAYECTORIAS2020_03_13/M2019-07-03-14-56-49/img/image_271.png 70.940278 46.870561 3.420906 [216.225952, 243.534821]
/mnt/gpid07/users/morros/VFOA/TRAYECTORIAS2020_03_13/M2019-07-03-14-56-49/img/image_272.png 71.095305 46.593109 3.379872 [203.251816, 248.486481]
/mnt/gpid07/users/morros/VFOA/TRAYECTORIAS2020_03_13/M2019-07-03-14-56-49/img/image_273.png 72.430052 43.432273 3.373064 [194.702469, 255.34201]
/mnt/gpid07/users/morros/VFOA/TRAYECTORIAS2020_03_13/M2019-07-03-14-56-49/img/image_274.png 72.962514 37.795788 3.267762 [194.090866, 258.314575]
/mnt/gpid07/users/morros/VFOA/TRAYECTORIAS2020_03_13/M2019-07-03-14-56-49/img/image_275.png 73.346592 33.621232 3.102957 [189.937622, 264.998932]
/mnt/gpid07/users/morros/VFOA/TRAYECTORIAS2020_03_13/M2019-07-03-14-56-49/img/image_276.png 73.659883 29.276056 3.233035 [188.984177, 268.019043]
/mnt/gpid07/users/morros/VFOA/TRAYECTORIAS2020_03_13/M2019-07-03-14-56-49/img/image_277.png 75.246950 24.781228 3.948613 [191.557144, 270.35849]
/mnt/gpid07/users/morros/VFOA/TRAYECTORIAS2020_03_13/M2019-07-03-14-56-49/img/image_278.png 78.654116 20.024811 4.310542 [192.181274, 272.810608]
/mnt/gpid07/users/morros/VFOA/TRAYECTORIAS2020_03_13/M2019-07-03-14-56-49/img/image_279.png 84.998530 15.456622 4.334217 [190.036804, 277.337219]
/mnt/gpid07/users/morros/VFOA/TRAYECTORIAS2020_03_13/M2019-07-03-14-56-49/img/image_280.png 93.748900 12.459972 4.095110 [188.540314, 279.832825]
/mnt/gpid07/users/morros/VFOA/TRAYECTORIAS2020_03_13/M2019-07-03-14-56-49/img/image_281.png 99.732786 10.943046 3.674679 [188.618668, 280.995697]
/mnt/gpid07/users/morros/VFOA/TRAYECTORIAS2020_03_13/M2019-07-03-14-56-49/img/image_282.png 103.923923 10.621599 3.778457 [187.088165, 283.27597]
/mnt/gpid07/users/morros/VFOA/TRAYECTORIAS2020_03_13/M2019-07-03-14-56-49/img/image_283.png 106.477279 11.568985 3.407235 [185.738525, 284.261841]
/mnt/gpid07/users/morros/VFOA/TRAYECTORIAS2020_03_13/M2019-07-03-14-56-49/img/image_284.png 109.581729 12.228048 2.760650 [185.397949, 284.917206]
/mnt/gpid07/users/morros/VFOA/TRAYECTORIAS2020_03_13/M2019-07-03-14-56-49/img/image_285.png 112.036661 13.867533 2.150850 [186.885223, 283.81131]
/mnt/gpid07/users/morros/VFOA/TRAYECTORIAS2020_03_13/M2019-07-03-14-56-49/img/image_286.png 115.421239 14.272193 1.901738 [188.784012, 281.980682]
/mnt/gpid07/users/morros/VFOA/TRAYECTORIAS2020_03_13/M2019-07-03-14-56-49/img/image_287.png 119.532552 14.068820 1.548559 [194.006836, 275.510101]
/mnt/gpid07/users/morros/VFOA/TRAYECTORIAS2020_03_13/M2019-07-03-14-56-49/img/image_288.png 122.329664 14.549585 1.502387 [201.448486, 266.419098]
/mnt/gpid07/users/morros/VFOA/TRAYECTORIAS2020_03_13/M2019-07-03-14-56-49/img/image_289.png 126.025530 15.702250 1.572053 [203.603149, 260.213745]
/mnt/gpid07/users/morros/VFOA/TRAYECTORIAS2020_03_13/M2019-07-03-14-56-49/img/image_290.png 131.948137 18.079065 1.596729 [212.238983, 251.419952]
/mnt/gpid07/users/morros/VFOA/TRAYECTORIAS2020_03_13/M2019-07-03-14-56-49/img/image_291.png 137.639814 20.945679 1.658713 [213.167378, 250.514689]
/mnt/gpid07/users/morros/VFOA/TRAYECTORIAS2020_03_13/M2019-07-03-14-56-49/img/image_292.png 144.345237 23.386910 1.578683 [213.183143, 250.503048]
/mnt/gpid07/users/morros/VFOA/TRAYECTORIAS2020_03_13/M2019-07-03-14-56-49/img/image_293.png 153.276341 24.773837 2.401335 [219.898239, 220.285385]
/mnt/gpid07/users/morros/VFOA/TRAYECTORIAS2020_03_13/M2019-07-03-14-56-49/img/image_294.png 156.890862 25.274446 3.665321 [216.305191, 210.337433]
/mnt/gpid07/users/morros/VFOA/TRAYECTORIAS2020_03_13/M2019-07-03-14-56-49/img/image_295.png 159.542648 24.699252 3.622439 [215.842805, 209.545335]
/mnt/gpid07/users/morros/VFOA/TRAYECTORIAS2020_03_13/M2019-07-03-14-56-49/img/image_296.png 159.978414 25.377509 3.330988 [220.417984, 198.36026]
/mnt/gpid07/users/morros/VFOA/TRAYECTORIAS2020_03_13/M2019-07-03-14-56-49/img/image_297.png 159.959109 25.373199 2.883204 [227.175659, 200.519592]
/mnt/gpid07/users/morros/VFOA/TRAYECTORIAS2020_03_13/M2019-07-03-14-56-49/img/image_298.png 159.943592 25.227618 2.800289 [240.649261, 206.458313]
/mnt/gpid07/users/morros/VFOA/TRAYECTORIAS2020_03_13/M2019-07-03-14-56-49/img/image_299.png 159.433264 25.575021 3.395101 [253.203293, 213.620026]
/mnt/gpid07/users/morros/VFOA/TRAYECTORIAS2020_03_13/M2019-07-03-14-56-49/img/image_300.png 158.696643 27.678068 4.241297 [266.229675, 219.560532]
/mnt/gpid07/users/morros/VFOA/TRAYECTORIAS2020_03_13/M2019-07-03-14-56-49/img/image_301.png 159.074740 30.360139 4.275232 [279.509216, 227.337769]
/mnt/gpid07/users/morros/VFOA/TRAYECTORIAS2020_03_13/M2019-07-03-14-56-49/img/image_302.png 159.558395 34.910804 3.308149 [290.426605, 234.451447]
/mnt/gpid07/users/morros/VFOA/TRAYECTORIAS2020_03_13/M2019-07-03-14-56-49/img/image_303.png 161.453149 39.717687 3.362307 [299.560028, 242.70462]
/mnt/gpid07/users/morros/VFOA/TRAYECTORIAS2020_03_13/M2019-07-03-14-56-49/img/image_304.png 163.411772 44.876417 3.971992 [301.992126, 250.36055]
/mnt/gpid07/users/morros/VFOA/TRAYECTORIAS2020_03_13/M2019-07-03-14-56-49/img/image_305.png 164.814988 50.463538 4.211935 [300.755371, 257.731323]
/mnt/gpid07/users/morros/VFOA/TRAYECTORIAS2020_03_13/M2019-07-03-14-56-49/img/image_306.png 164.955231 53.895786 4.023103 [295.780609, 265.005707]
/mnt/gpid07/users/morros/VFOA/TRAYECTORIAS2020_03_13/M2019-07-03-14-56-49/img/image_307.png 164.431231 56.556380 3.627845 [291.864746, 269.194458]
/mnt/gpid07/users/morros/VFOA/TRAYECTORIAS2020_03_13/M2019-07-03-14-56-49/img/image_308.png 164.261811 58.750632 3.662489 [294.165558, 271.979492]
/mnt/gpid07/users/morros/VFOA/TRAYECTORIAS2020_03_13/M2019-07-03-14-56-49/img/image_309.png 163.903349 60.206445 3.512658 [302.344025, 272.173462]
/mnt/gpid07/users/morros/VFOA/TRAYECTORIAS2020_03_13/M2019-07-03-14-56-49/img/image_310.png 164.033074 61.082259 3.750216 [318.676178, 269.691162]
/mnt/gpid07/users/morros/VFOA/TRAYECTORIAS2020_03_13/M2019-07-03-14-56-49/img/image_311.png 163.937597 61.361167 3.760601 [342.125153, 266.679626]
/mnt/gpid07/users/morros/VFOA/TRAYECTORIAS2020_03_13/M2019-07-03-14-56-49/img/image_312.png -175.309391 17.146228 5.410247 [366.9021, 262.125488]
/mnt/gpid07/users/morros/VFOA/TRAYECTORIAS2020_03_13/M2019-07-03-14-56-49/img/image_313.png -170.928724 10.699131 4.501734 [393.925079, 263.922791]
/mnt/gpid07/users/morros/VFOA/TRAYECTORIAS2020_03_13/M2019-07-03-14-56-49/img/image_314.png -166.793020 7.271952 3.298965 [414.300812, 262.110504]
/mnt/gpid07/users/morros/VFOA/TRAYECTORIAS2020_03_13/M2019-07-03-14-56-49/img/image_315.png -164.405122 6.249354 3.123523 [432.733215, 266.841125]
/mnt/gpid07/users/morros/VFOA/TRAYECTORIAS2020_03_13/M2019-07-03-14-56-49/img/image_316.png -161.139139 5.300832 2.530370 [444.09082, 277.799866]
/mnt/gpid07/users/morros/VFOA/TRAYECTORIAS2020_03_13/M2019-07-03-14-56-49/img/image_334.png -158.628606 4.958502 2.061160 [450.667664, 309.028656]
/mnt/gpid07/users/morros/VFOA/TRAYECTORIAS2020_03_13/M2019-07-03-14-56-49/img/image_335.png -156.974057 5.524262 1.724603 [451.27483, 312.335665]
/mnt/gpid07/users/morros/VFOA/TRAYECTORIAS2020_03_13/M2019-07-03-14-56-49/img/image_336.png -155.763799 6.864939 1.595282 [451.286421, 312.398798]
/mnt/gpid07/users/morros/VFOA/TRAYECTORIAS2020_03_13/M2019-07-03-14-56-49/img/image_337.png -154.263463 7.592011 1.852685 [451.281624, 312.372673]
/mnt/gpid07/users/morros/VFOA/TRAYECTORIAS2020_03_13/M2019-07-03-14-56-49/img/image_338.png -153.072071 8.321532 2.251795 [431.480865, 294.171631]
/mnt/gpid07/users/morros/VFOA/TRAYECTORIAS2020_03_13/M2019-07-03-14-56-49/img/image_339.png -151.902060 8.410602 2.146430 [426.916473, 287.438293]
/mnt/gpid07/users/morros/VFOA/TRAYECTORIAS2020_03_13/M2019-07-03-14-56-49/img/image_340.png -151.662718 8.515141 2.327636 [418.696533, 277.413513]
/mnt/gpid07/users/morros/VFOA/TRAYECTORIAS2020_03_13/M2019-07-03-14-56-49/img/image_341.png -151.066193 8.461733 2.192888 [414.208221, 272.831543]
/mnt/gpid07/users/morros/VFOA/TRAYECTORIAS2020_03_13/M2019-07-03-14-56-49/img/image_342.png -151.745317 8.226640 1.806803 [400.822937, 260.837128]
/mnt/gpid07/users/morros/VFOA/TRAYECTORIAS2020_03_13/M2019-07-03-14-56-49/img/image_343.png -155.378972 8.463846 1.991085 [393.670898, 255.607422]
/mnt/gpid07/users/morros/VFOA/TRAYECTORIAS2020_03_13/M2019-07-03-14-56-49/img/image_344.png -160.683405 9.537347 1.977669 [394.151672, 253.893814]
/mnt/gpid07/users/morros/VFOA/TRAYECTORIAS2020_03_13/M2019-07-03-14-56-49/img/image_345.png -169.993118 11.838487 3.066238 [392.872223, 250.824615]
/mnt/gpid07/users/morros/VFOA/TRAYECTORIAS2020_03_13/M2019-07-03-14-56-49/img/image_346.png -178.546663 14.909724 3.521484 [388.677307, 247.211105]
/mnt/gpid07/users/morros/VFOA/TRAYECTORIAS2020_03_13/M2019-07-03-14-56-49/img/image_347.png 172.311642 21.462666 3.756969 [389.196686, 244.613525]
/mnt/gpid07/users/morros/VFOA/TRAYECTORIAS2020_03_13/M2019-07-03-14-56-49/img/image_348.png 165.089593 30.038740 4.164557 [393.175537, 241.956955]
/mnt/gpid07/users/morros/VFOA/TRAYECTORIAS2020_03_13/M2019-07-03-14-56-49/img/image_349.png 160.353744 37.131816 4.632692 [396.438934, 239.371445]
/mnt/gpid07/users/morros/VFOA/TRAYECTORIAS2020_03_13/M2019-07-03-14-56-49/img/image_350.png 160.333925 42.797881 5.665641 [399.682831, 237.840546]
/mnt/gpid07/users/morros/VFOA/TRAYECTORIAS2020_03_13/M2019-07-03-14-56-49/img/image_351.png 159.686008 47.489226 5.823007 [400.474609, 235.22052]
/mnt/gpid07/users/morros/VFOA/TRAYECTORIAS2020_03_13/M2019-07-03-14-56-49/img/image_352.png 157.038703 50.137453 4.410322 [406.129486, 233.217422]
/mnt/gpid07/users/morros/VFOA/TRAYECTORIAS2020_03_13/M2019-07-03-14-56-49/img/image_353.png 155.878535 51.924238 3.706684 [407.311768, 231.562576]
/mnt/gpid07/users/morros/VFOA/TRAYECTORIAS2020_03_13/M2019-07-03-14-56-49/img/image_354.png 155.113744 53.641988 4.007858 [408.098358, 228.685059]
/mnt/gpid07/users/morros/VFOA/TRAYECTORIAS2020_03_13/M2019-07-03-14-56-49/img/image_355.png 155.074755 54.580454 4.564680 [409.367554, 227.243912]
/mnt/gpid07/users/morros/VFOA/TRAYECTORIAS2020_03_13/M2019-07-03-14-56-49/img/image_356.png 154.817903 54.824750 4.452838 [408.987122, 226.058197]
/mnt/gpid07/users/morros/VFOA/TRAYECTORIAS2020_03_13/M2019-07-03-14-56-49/img/image_357.png 154.419062 53.470889 4.654151 [413.08728, 226.402603]
/mnt/gpid07/users/morros/VFOA/TRAYECTORIAS2020_03_13/M2019-07-03-14-56-49/img/image_358.png 151.453465 48.837015 4.100953 [411.907379, 227.15863]
/mnt/gpid07/users/morros/VFOA/TRAYECTORIAS2020_03_13/M2019-07-03-14-56-49/img/image_359.png 145.931570 41.408563 2.720123 [425.099976, 232.131012]
/mnt/gpid07/users/morros/VFOA/TRAYECTORIAS2020_03_13/M2019-07-03-14-56-49/img/image_360.png 109.990982 12.378219 2.898678 [430.450867, 235.760025]
/mnt/gpid07/users/morros/VFOA/TRAYECTORIAS2020_03_13/M2019-07-03-14-56-49/img/image_361.png 112.324471 11.431872 2.716973 [445.555176, 251.786316]
/mnt/gpid07/users/morros/VFOA/TRAYECTORIAS2020_03_13/M2019-07-03-14-56-49/img/image_362.png 116.067470 9.572255 2.343703 [440.398224, 257.761292]
/mnt/gpid07/users/morros/VFOA/TRAYECTORIAS2020_03_13/M2019-07-03-14-56-49/img/image_363.png 118.900867 8.178788 1.865320 [439.679916, 258.258276]
/mnt/gpid07/users/morros/VFOA/TRAYECTORIAS2020_03_13/M2019-07-03-14-56-49/img/image_364.png 114.434853 9.279022 2.770271 [439.652472, 258.253194]
/mnt/gpid07/users/morros/VFOA/TRAYECTORIAS2020_03_13/M2019-07-03-14-56-49/img/image_371.png 107.074891 10.135662 3.291559 [439.657404, 258.247108]
/mnt/gpid07/users/morros/VFOA/TRAYECTORIAS2020_03_13/M2019-07-03-14-56-49/img/image_372.png 99.875043 10.574483 3.262278 [439.657404, 258.247108]
/mnt/gpid07/users/morros/VFOA/TRAYECTORIAS2020_03_13/M2019-07-03-14-56-49/img/image_373.png 90.108028 11.144995 3.121598 [364.052704, 260.297577]
/mnt/gpid07/users/morros/VFOA/TRAYECTORIAS2020_03_13/M2019-07-03-14-56-49/img/image_374.png 80.588555 13.134696 3.801155 [360.066376, 245.901428]
/mnt/gpid07/users/morros/VFOA/TRAYECTORIAS2020_03_13/M2019-07-03-14-56-49/img/image_375.png 73.683621 15.865841 4.643667 [364.06604, 236.592636]
/mnt/gpid07/users/morros/VFOA/TRAYECTORIAS2020_03_13/M2019-07-03-14-56-49/img/image_376.png 69.147338 21.829021 5.405300 [373.882294, 228.19043]
/mnt/gpid07/users/morros/VFOA/TRAYECTORIAS2020_03_13/M2019-07-03-14-56-49/img/image_377.png 65.248857 26.702434 5.590487 [386.211365, 217.141754]
/mnt/gpid07/users/morros/VFOA/TRAYECTORIAS2020_03_13/M2019-07-03-14-56-49/img/image_378.png 61.572085 32.094031 6.348985 [399.206207, 212.972168]
/mnt/gpid07/users/morros/VFOA/TRAYECTORIAS2020_03_13/M2019-07-03-14-56-49/img/image_379.png 53.910590 37.201974 5.521553 [410.700439, 212.032242]
/mnt/gpid07/users/morros/VFOA/TRAYECTORIAS2020_03_13/M2019-07-03-14-56-49/img/image_380.png 50.809825 40.426140 5.141008 [420.580811, 208.737946]
/mnt/gpid07/users/morros/VFOA/TRAYECTORIAS2020_03_13/M2019-07-03-14-56-49/img/image_381.png 50.455870 42.958272 5.254936 [427.339539, 206.401382]
/mnt/gpid07/users/morros/VFOA/TRAYECTORIAS2020_03_13/M2019-07-03-14-56-49/img/image_382.png 51.637176 45.303173 5.433640 [433.313293, 203.858612]
/mnt/gpid07/users/morros/VFOA/TRAYECTORIAS2020_03_13/M2019-07-03-14-56-49/img/image_383.png 54.031931 47.760040 5.744052 [431.500824, 205.152206]
/mnt/gpid07/users/morros/VFOA/TRAYECTORIAS2020_03_13/M2019-07-03-14-56-49/img/image_384.png 55.730026 49.486196 5.854891 [422.451904, 210.474533]
/mnt/gpid07/users/morros/VFOA/TRAYECTORIAS2020_03_13/M2019-07-03-14-56-49/img/image_385.png 56.528478 49.705257 5.782390 [413.342926, 212.88002]
/mnt/gpid07/users/morros/VFOA/TRAYECTORIAS2020_03_13/M2019-07-03-14-56-49/img/image_386.png 56.741699 47.447485 5.965670 [398.550507, 211.032272]
/mnt/gpid07/users/morros/VFOA/TRAYECTORIAS2020_03_13/M2019-07-03-14-56-49/img/image_387.png 57.795903 40.770118 6.517514 [380.856781, 211.31485]
/mnt/gpid07/users/morros/VFOA/TRAYECTORIAS2020_03_13/M2019-07-03-14-56-49/img/image_388.png 57.797097 32.271359 4.274282 [379.058395, 211.364411]
/mnt/gpid07/users/morros/VFOA/TRAYECTORIAS2020_03_13/M2019-07-03-14-56-49/img/image_389.png 55.151049 28.134586 2.261930 [337.526764, 219.163925]
/mnt/gpid07/users/morros/VFOA/TRAYECTORIAS2020_03_13/M2019-07-03-14-56-49/img/image_390.png 58.325454 25.654686 3.095007 [320.096558, 226.564621]
/mnt/gpid07/users/morros/VFOA/TRAYECTORIAS2020_03_13/M2019-07-03-14-56-49/img/image_391.png 58.937046 22.989182 4.235900 [307.684906, 239.170273]
/mnt/gpid07/users/morros/VFOA/TRAYECTORIAS2020_03_13/M2019-07-03-14-56-49/img/image_392.png 60.796107 21.086493 4.775639 [296.83078, 254.207977]
/mnt/gpid07/users/morros/VFOA/TRAYECTORIAS2020_03_13/M2019-07-03-14-56-49/img/image_393.png 61.656043 19.730621 4.994686 [292.157715, 265.187378]
/mnt/gpid07/users/morros/VFOA/TRAYECTORIAS2020_03_13/M2019-07-03-14-56-49/img/image_394.png 61.314255 18.415693 4.958066 [286.844086, 272.376129]
/mnt/gpid07/users/morros/VFOA/TRAYECTORIAS2020_03_13/M2019-07-03-14-56-49/img/image_395.png 56.691117 19.282225 4.557738 [283.145355, 279.296448]
/mnt/gpid07/users/morros/VFOA/TRAYECTORIAS2020_03_13/M2019-07-03-14-56-49/img/image_396.png 52.625836 18.129862 3.675218 [277.763855, 287.957275]
/mnt/gpid07/users/morros/VFOA/TRAYECTORIAS2020_03_13/M2019-07-03-14-56-49/img/image_397.png 49.013278 15.028291 3.232661 [276.06427, 292.335938]
/mnt/gpid07/users/morros/VFOA/TRAYECTORIAS2020_03_13/M2019-07-03-14-56-49/img/image_398.png 44.261645 13.220637 3.767113 [275.931131, 292.730982]
/mnt/gpid07/users/morros/VFOA/TRAYECTORIAS2020_03_13/M2019-07-03-14-56-49/img/image_399.png 39.339866 10.216231 2.966731 [282.105408, 293.23764]
/mnt/gpid07/users/morros/VFOA/TRAYECTORIAS2020_03_13/M2019-07-03-14-56-49/img/image_400.png 34.179391 6.446941 2.709938 [294.042023, 291.669281]
/mnt/gpid07/users/morros/VFOA/TRAYECTORIAS2020_03_13/M2019-07-03-14-56-49/img/image_401.png 27.937018 5.038011 2.804245 [307.369446, 292.762573]
/mnt/gpid07/users/morros/VFOA/TRAYECTORIAS2020_03_13/M2019-07-03-14-56-49/img/image_402.png 21.549537 6.726246 3.470083 [308.716096, 292.898519]
/mnt/gpid07/users/morros/VFOA/TRAYECTORIAS2020_03_13/M2019-07-03-14-56-49/img/image_403.png 12.300048 7.824222 4.978391 [304.694977, 281.217987]
/mnt/gpid07/users/morros/VFOA/TRAYECTORIAS2020_03_13/M2019-07-03-14-56-49/img/image_404.png 6.985566 10.028619 5.563541 [282.730682, 272.796448]
/mnt/gpid07/users/morros/VFOA/TRAYECTORIAS2020_03_13/M2019-07-03-14-56-49/img/image_405.png 0.820974 13.631399 5.166104 [266.984467, 261.115997]
/mnt/gpid07/users/morros/VFOA/TRAYECTORIAS2020_03_13/M2019-07-03-14-56-49/img/image_406.png -4.002961 16.412119 4.514962 [261.657806, 253.70488]
/mnt/gpid07/users/morros/VFOA/TRAYECTORIAS2020_03_13/M2019-07-03-14-56-49/img/image_407.png -8.052477 18.998147 4.377518 [261.229336, 253.006461]
/mnt/gpid07/users/morros/VFOA/TRAYECTORIAS2020_03_13/M2019-07-03-14-56-49/img/image_408.png -11.243045 20.708684 4.828989 [232.130432, 268.267456]
/mnt/gpid07/users/morros/VFOA/TRAYECTORIAS2020_03_13/M2019-07-03-14-56-49/img/image_409.png -11.549807 24.001252 5.212748 [220.566589, 289.59729]
/mnt/gpid07/users/morros/VFOA/TRAYECTORIAS2020_03_13/M2019-07-03-14-56-49/img/image_410.png -13.282825 35.144579 5.651746 [198.78125, 313.520386]
/mnt/gpid07/users/morros/VFOA/TRAYECTORIAS2020_03_13/M2019-07-03-14-56-49/img/image_411.png -13.532622 40.165887 5.960417 [192.498505, 334.025269]
/mnt/gpid07/users/morros/VFOA/TRAYECTORIAS2020_03_13/M2019-07-03-14-56-49/img/image_412.png -13.200894 42.982354 5.527919 [180.722778, 346.855957]
/mnt/gpid07/users/morros/VFOA/TRAYECTORIAS2020_03_13/M2019-07-03-14-56-49/img/image_413.png -12.624058 46.885657 5.585802 [179.986374, 353.373199]
/mnt/gpid07/users/morros/VFOA/TRAYECTORIAS2020_03_13/M2019-07-03-14-56-49/img/image_414.png -11.839538 50.346819 6.111378 [176.545792, 354.708954]
/mnt/gpid07/users/morros/VFOA/TRAYECTORIAS2020_03_13/M2019-07-03-14-56-49/img/image_416.png -12.056806 52.579699 5.605489 [169.493713, 355.656342]
/mnt/gpid07/users/morros/VFOA/TRAYECTORIAS2020_03_13/M2019-07-03-14-56-49/img/image_417.png -11.998243 54.586522 5.119686 [165.660446, 356.770813]
/mnt/gpid07/users/morros/VFOA/TRAYECTORIAS2020_03_13/M2019-07-03-14-56-49/img/image_418.png -12.312131 56.258967 4.654109 [159.323761, 358.249298]
/mnt/gpid07/users/morros/VFOA/TRAYECTORIAS2020_03_13/M2019-07-03-14-56-49/img/image_419.png -12.574023 57.491966 4.732995 [155.269226, 358.151855]
/mnt/gpid07/users/morros/VFOA/TRAYECTORIAS2020_03_13/M2019-07-03-14-56-49/img/image_420.png -13.249528 57.531272 5.276124 [155.846603, 355.185089]
/mnt/gpid07/users/morros/VFOA/TRAYECTORIAS2020_03_13/M2019-07-03-14-56-49/img/image_421.png -32.046962 14.711547 4.304659 [156.58931, 348.572052]
/mnt/gpid07/users/morros/VFOA/TRAYECTORIAS2020_03_13/M2019-07-03-14-56-49/img/image_422.png -40.261731 13.266765 4.396699 [161.552795, 337.030212]
/mnt/gpid07/users/morros/VFOA/TRAYECTORIAS2020_03_13/M2019-07-03-14-56-49/img/image_423.png -49.343331 12.385897 4.347884 [160.686859, 320.595856]
/mnt/gpid07/users/morros/VFOA/TRAYECTORIAS2020_03_13/M2019-07-03-14-56-49/img/image_424.png -57.365001 12.339541 4.478518 [160.541971, 318.903495]
/mnt/gpid07/users/morros/VFOA/TRAYECTORIAS2020_03_13/M2019-07-03-14-56-49/img/image_427.png -64.105496 11.804983 4.911026 [160.535485, 318.898018]
/mnt/gpid07/users/morros/VFOA/TRAYECTORIAS2020_03_13/M2019-07-03-14-56-49/img/image_445.png -69.785397 12.280091 5.513189 [160.535494, 318.898059]
/mnt/gpid07/users/morros/VFOA/TRAYECTORIAS2020_03_13/M2019-07-03-14-56-49/img/image_446.png -77.323067 14.356695 7.488572 [160.535494, 318.898059]
/mnt/gpid07/users/morros/VFOA/TRAYECTORIAS2020_03_13/M2019-07-03-14-56-49/img/image_447.png -83.523900 15.891656 8.106214 [230.22081, 277.029877]
/mnt/gpid07/users/morros/VFOA/TRAYECTORIAS2020_03_13/M2019-07-03-14-56-49/img/image_448.png -90.156993 16.267358 6.845791 [250.217941, 283.0466]
/mnt/gpid07/users/morros/VFOA/TRAYECTORIAS2020_03_13/M2019-07-03-14-56-49/img/image_449.png -95.819597 16.617901 5.775838 [260.137756, 286.737]
/mnt/gpid07/users/morros/VFOA/TRAYECTORIAS2020_03_13/M2019-07-03-14-56-49/img/image_450.png -100.088517 16.474067 4.563235 [262.712769, 288.458862]
/mnt/gpid07/users/morros/VFOA/TRAYECTORIAS2020_03_13/M2019-07-03-14-56-49/img/image_451.png -106.242168 16.502195 4.458354 [254.81575, 287.026001]
/mnt/gpid07/users/morros/VFOA/TRAYECTORIAS2020_03_13/M2019-07-03-14-56-49/img/image_452.png -112.963703 15.957049 3.486567 [244.323502, 291.018097]
/mnt/gpid07/users/morros/VFOA/TRAYECTORIAS2020_03_13/M2019-07-03-14-56-49/img/image_453.png -121.317477 16.149653 3.103693 [228.840134, 294.912811]
/mnt/gpid07/users/morros/VFOA/TRAYECTORIAS2020_03_13/M2019-07-03-14-56-49/img/image_454.png -128.855816 14.539112 2.508993 [212.641876, 298.906036]
/mnt/gpid07/users/morros/VFOA/TRAYECTORIAS2020_03_13/M2019-07-03-14-56-49/img/image_455.png -134.424268 14.133399 2.066268 [211.014902, 299.306344]
/mnt/gpid07/users/morros/VFOA/TRAYECTORIAS2020_03_13/M2019-07-03-14-56-49/img/image_456.png -138.550807 13.445309 2.565891 [210.997917, 299.310446]
/mnt/gpid07/users/morros/VFOA/TRAYECTORIAS2020_03_13/M2019-07-03-14-56-49/img/image_457.png -139.971097 11.123916 3.001482 [210.268661, 308.120148]
/mnt/gpid07/users/morros/VFOA/TRAYECTORIAS2020_03_13/M2019-07-03-14-56-49/img/image_458.png -144.042791 10.759187 3.508223 [222.811111, 304.77948]
/mnt/gpid07/users/morros/VFOA/TRAYECTORIAS2020_03_13/M2019-07-03-14-56-49/img/image_459.png -146.100935 9.719205 3.637889 [239.490601, 300.987793]
/mnt/gpid07/users/morros/VFOA/TRAYECTORIAS2020_03_13/M2019-07-03-14-56-49/img/image_460.png -150.444944 10.556692 4.289505 [254.435989, 294.178253]
/mnt/gpid07/users/morros/VFOA/TRAYECTORIAS2020_03_13/M2019-07-03-14-56-49/img/image_461.png -153.393819 10.648789 4.183233 [262.370209, 288.047302]
/mnt/gpid07/users/morros/VFOA/TRAYECTORIAS2020_03_13/M2019-07-03-14-56-49/img/image_462.png -158.107141 11.623357 4.252798 [267.140808, 279.259094]
/mnt/gpid07/users/morros/VFOA/TRAYECTORIAS2020_03_13/M2019-07-03-14-56-49/img/image_463.png -163.596982 12.255653 3.861229 [272.418762, 265.084961]
/mnt/gpid07/users/morros/VFOA/TRAYECTORIAS2020_03_13/M2019-07-03-14-56-49/img/image_464.png -167.069604 12.375593 3.400089 [276.312103, 246.792908]
/mnt/gpid07/users/morros/VFOA/TRAYECTORIAS2020_03_13/M2019-07-03-14-56-49/img/image_465.png -170.985100 12.862923 3.634449 [280.082977, 228.426056]
/mnt/gpid07/users/morros/VFOA/TRAYECTORIAS2020_03_13/M2019-07-03-14-56-49/img/image_466.png -179.686687 13.130791 2.292151 [284.943146, 211.081757]
/mnt/gpid07/users/morros/VFOA/TRAYECTORIAS2020_03_13/M2019-07-03-14-56-49/img/image_467.png 167.883302 14.566261 1.444258 [289.622803, 200.169342]
/mnt/gpid07/users/morros/VFOA/TRAYECTORIAS2020_03_13/M2019-07-03-14-56-49/img/image_468.png 156.217271 16.693505 0.878897 [300.09317, 200.808899]
/mnt/gpid07/users/morros/VFOA/TRAYECTORIAS2020_03_13/M2019-07-03-14-56-49/img/image_469.png 150.823395 18.000730 1.073893 [317.415039, 205.050613]
/mnt/gpid07/users/morros/VFOA/TRAYECTORIAS2020_03_13/M2019-07-03-14-56-49/img/image_470.png 151.058475 20.571648 2.016173 [327.248016, 220.025253]
/mnt/gpid07/users/morros/VFOA/TRAYECTORIAS2020_03_13/M2019-07-03-14-56-49/img/image_471.png 154.369707 26.517334 2.860906 [342.951904, 232.997772]
/mnt/gpid07/users/morros/VFOA/TRAYECTORIAS2020_03_13/M2019-07-03-14-56-49/img/image_472.png 158.324163 33.423352 4.126099 [356.337097, 246.029251]
/mnt/gpid07/users/morros/VFOA/TRAYECTORIAS2020_03_13/M2019-07-03-14-56-49/img/image_473.png 161.595009 40.633961 5.666269 [369.30246, 256.763763]
/mnt/gpid07/users/morros/VFOA/TRAYECTORIAS2020_03_13/M2019-07-03-14-56-49/img/image_474.png 164.958927 48.229004 7.483546 [378.750153, 260.049286]
/mnt/gpid07/users/morros/VFOA/TRAYECTORIAS2020_03_13/M2019-07-03-14-56-49/img/image_475.png 166.438719 53.205143 8.405138 [397.835449, 262.054291]
/mnt/gpid07/users/morros/VFOA/TRAYECTORIAS2020_03_13/M2019-07-03-14-56-49/img/image_476.png 166.554639 56.710138 8.572887 [408.332855, 255.805679]
/mnt/gpid07/users/morros/VFOA/TRAYECTORIAS2020_03_13/M2019-07-03-14-56-49/img/image_477.png 166.400908 58.382382 8.559518 [420.26004, 245.823303]
/mnt/gpid07/users/morros/VFOA/TRAYECTORIAS2020_03_13/M2019-07-03-14-56-49/img/image_478.png 166.382005 57.798411 8.969437 [422.13562, 233.125778]
/mnt/gpid07/users/morros/VFOA/TRAYECTORIAS2020_03_13/M2019-07-03-14-56-49/img/image_479.png 164.868791 53.755954 8.492807 [433.53656, 226.845505]
/mnt/gpid07/users/morros/VFOA/TRAYECTORIAS2020_03_13/M2019-07-03-14-56-49/img/image_480.png 163.363774 45.749460 7.707338 [433.972229, 217.70462]
/mnt/gpid07/users/morros/VFOA/TRAYECTORIAS2020_03_13/M2019-07-03-14-56-49/img/image_481.png 158.773847 36.388257 5.989997 [440.741821, 217.406891]
/mnt/gpid07/users/morros/VFOA/TRAYECTORIAS2020_03_13/M2019-07-03-14-56-49/img/image_482.png 101.412381 12.103930 1.238483 [440.90152, 220.242859]
/mnt/gpid07/users/morros/VFOA/TRAYECTORIAS2020_03_13/M2019-07-03-14-56-49/img/image_483.png 98.214370 10.434117 1.553803 [438.277008, 228.646393]
/mnt/gpid07/users/morros/VFOA/TRAYECTORIAS2020_03_13/M2019-07-03-14-56-49/img/image_484.png 96.696480 8.955761 2.071520 [439.164978, 245.148361]
/mnt/gpid07/users/morros/VFOA/TRAYECTORIAS2020_03_13/M2019-07-03-14-56-49/img/image_485.png 96.256595 7.463026 2.236277 [447.306488, 263.585114]
/mnt/gpid07/users/morros/VFOA/TRAYECTORIAS2020_03_13/M2019-07-03-14-56-49/img/image_486.png 96.648806 6.863374 2.129335 [448.193174, 265.448137]
/mnt/gpid07/users/morros/VFOA/TRAYECTORIAS2020_03_13/M2019-07-03-14-56-49/img/image_494.png 97.953490 6.802355 1.537231 [425.149689, 300.314972]
/mnt/gpid07/users/morros/VFOA/TRAYECTORIAS2020_03_13/M2019-07-03-14-56-49/img/image_495.png 99.377172 6.759042 1.339977 [400.517853, 286.046692]
/mnt/gpid07/users/morros/VFOA/TRAYECTORIAS2020_03_13/M2019-07-03-14-56-49/img/image_496.png 101.762682 6.346141 0.874882 [384.410248, 268.064423]
/mnt/gpid07/users/morros/VFOA/TRAYECTORIAS2020_03_13/M2019-07-03-14-56-49/img/image_497.png 101.732888 7.255466 1.186225 [382.375549, 254.843994]
/mnt/gpid07/users/morros/VFOA/TRAYECTORIAS2020_03_13/M2019-07-03-14-56-49/img/image_498.png 101.115426 8.464418 2.001272 [393.174561, 245.75087]
/mnt/gpid07/users/morros/VFOA/TRAYECTORIAS2020_03_13/M2019-07-03-14-56-49/img/image_499.png 97.063896 11.823538 4.119566 [407.401062, 242.761536]
/mnt/gpid07/users/morros/VFOA/TRAYECTORIAS2020_03_13/M2019-07-03-14-56-49/img/image_500.png 92.010850 15.580776 6.233097 [422.561371, 241.879395]
/mnt/gpid07/users/morros/VFOA/TRAYECTORIAS2020_03_13/M2019-07-03-14-56-49/img/image_501.png 84.727825 22.169207 8.324979 [439.513428, 242.251831]
/mnt/gpid07/users/morros/VFOA/TRAYECTORIAS2020_03_13/M2019-07-03-14-56-49/img/image_502.png 79.142863 28.134746 8.393792 [447.281067, 236.828476]
/mnt/gpid07/users/morros/VFOA/TRAYECTORIAS2020_03_13/M2019-07-03-14-56-49/img/image_503.png 75.105103 35.038650 8.553859 [443.989838, 229.58223]
/mnt/gpid07/users/morros/VFOA/TRAYECTORIAS2020_03_13/M2019-07-03-14-56-49/img/image_504.png 70.111685 41.760881 8.631911 [443.550126, 228.839376]
/mnt/gpid07/users/morros/VFOA/TRAYECTORIAS2020_03_13/M2019-07-03-14-56-49/img/image_505.png 68.383503 46.075895 9.286575 [428.425354, 215.826553]
/mnt/gpid07/users/morros/VFOA/TRAYECTORIAS2020_03_13/M2019-07-03-14-56-49/img/image_506.png 68.218870 49.145695 10.005282 [418.401276, 210.852249]
/mnt/gpid07/users/morros/VFOA/TRAYECTORIAS2020_03_13/M2019-07-03-14-56-49/img/image_507.png 69.231020 52.151257 10.731404 [405.641663, 208.50798]
/mnt/gpid07/users/morros/VFOA/TRAYECTORIAS2020_03_13/M2019-07-03-14-56-49/img/image_508.png 69.641008 54.465049 10.691267 [392.80719, 205.80687]
/mnt/gpid07/users/morros/VFOA/TRAYECTORIAS2020_03_13/M2019-07-03-14-56-49/img/image_509.png 70.142900 55.441390 10.555836 [391.522994, 205.53319]
/mnt/gpid07/users/morros/VFOA/TRAYECTORIAS2020_03_13/M2019-07-03-14-56-49/img/image_510.png 70.599582 55.340464 10.530007 [368.177917, 202.411346]
/mnt/gpid07/users/morros/VFOA/TRAYECTORIAS2020_03_13/M2019-07-03-14-56-49/img/image_511.png 69.785858 52.258492 9.458423 [359.430115, 201.775711]
/mnt/gpid07/users/morros/VFOA/TRAYECTORIAS2020_03_13/M2019-07-03-14-56-49/img/image_512.png 65.836556 45.335428 6.357952 [347.094727, 207.503326]
/mnt/gpid07/users/morros/VFOA/TRAYECTORIAS2020_03_13/M2019-07-03-14-56-49/img/image_513.png 61.982829 33.945835 3.718125 [340.182678, 216.292526]
/mnt/gpid07/users/morros/VFOA/TRAYECTORIAS2020_03_13/M2019-07-03-14-56-49/img/image_514.png 59.156521 24.442069 2.307673 [330.339172, 233.082657]
/mnt/gpid07/users/morros/VFOA/TRAYECTORIAS2020_03_13/M2019-07-03-14-56-49/img/image_515.png 55.101917 17.993259 1.639313 [323.186981, 252.002869]
/mnt/gpid07/users/morros/VFOA/TRAYECTORIAS2020_03_13/M2019-07-03-14-56-49/img/image_516.png 50.574465 13.646635 1.479684 [309.635498, 271.699707]
/mnt/gpid07/users/morros/VFOA/TRAYECTORIAS2020_03_13/M2019-07-03-14-56-49/img/image_517.png 45.680422 8.354192 2.108950 [296.338074, 285.155792]
/mnt/gpid07/users/morros/VFOA/TRAYECTORIAS2020_03_13/M2019-07-03-14-56-49/img/image_518.png 43.663130 7.258726 2.010951 [285.642059, 291.081665]
/mnt/gpid07/users/morros/VFOA/TRAYECTORIAS2020_03_13/M2019-07-03-14-56-49/img/image_519.png 43.533404 8.635436 2.853026 [275.768066, 295.497925]
/mnt/gpid07/users/morros/VFOA/TRAYECTORIAS2020_03_13/M2019-07-03-14-56-49/img/image_520.png 42.981465 9.400075 3.869824 [266.713684, 296.662476]
/mnt/gpid07/users/morros/VFOA/TRAYECTORIAS2020_03_13/M2019-07-03-14-56-49/img/image_521.png 43.578621 10.547342 3.793824 [265.816442, 296.746414]
/mnt/gpid07/users/morros/VFOA/TRAYECTORIAS2020_03_13/M2019-07-03-14-56-49/img/image_523.png 44.529825 11.228432 3.362024 [260.442841, 295.012451]
/mnt/gpid07/users/morros/VFOA/TRAYECTORIAS2020_03_13/M2019-07-03-14-56-49/img/image_524.png 43.959355 12.069026 3.400593 [262.266235, 294.538818]
/mnt/gpid07/users/morros/VFOA/TRAYECTORIAS2020_03_13/M2019-07-03-14-56-49/img/image_525.png 40.614864 16.119418 5.042431 [262.520463, 294.504034]
/mnt/gpid07/users/morros/VFOA/TRAYECTORIAS2020_03_13/M2019-07-03-14-56-49/img/image_526.png 33.842482 21.787576 5.510828 [290.231567, 275.523407]
/mnt/gpid07/users/morros/VFOA/TRAYECTORIAS2020_03_13/M2019-07-03-14-56-49/img/image_527.png 30.612084 25.432235 6.646101 [310.451996, 264.39267]
/mnt/gpid07/users/morros/VFOA/TRAYECTORIAS2020_03_13/M2019-07-03-14-56-49/img/image_528.png 26.542313 32.057781 9.304089 [312.399132, 263.358095]
/mnt/gpid07/users/morros/VFOA/TRAYECTORIAS2020_03_13/M2019-07-03-14-56-49/img/image_529.png 24.909421 38.921367 11.696776 [348.086121, 247.897049]
/mnt/gpid07/users/morros/VFOA/TRAYECTORIAS2020_03_13/M2019-07-03-14-56-49/img/image_530.png 22.490134 45.518674 12.692853 [357.475769, 242.73703]
/mnt/gpid07/users/morros/VFOA/TRAYECTORIAS2020_03_13/M2019-07-03-14-56-49/img/image_531.png 20.936614 49.043288 12.638666 [365.868713, 235.936768]
/mnt/gpid07/users/morros/VFOA/TRAYECTORIAS2020_03_13/M2019-07-03-14-56-49/img/image_532.png 19.681227 49.429204 13.358427 [372.804932, 229.739853]
/mnt/gpid07/users/morros/VFOA/TRAYECTORIAS2020_03_13/M2019-07-03-14-56-49/img/image_533.png 16.525089 50.164846 13.243856 [375.947327, 224.956741]
/mnt/gpid07/users/morros/VFOA/TRAYECTORIAS2020_03_13/M2019-07-03-14-56-49/img/image_534.png 12.753209 51.171105 12.860749 [378.523438, 221.306137]
/mnt/gpid07/users/morros/VFOA/TRAYECTORIAS2020_03_13/M2019-07-03-14-56-49/img/image_535.png 7.255587 52.681242 11.891963 [381.377716, 221.675034]
/mnt/gpid07/users/morros/VFOA/TRAYECTORIAS2020_03_13/M2019-07-03-14-56-49/img/image_537.png 4.221374 53.006915 11.570529 [383.164154, 233.94133]
/mnt/gpid07/users/morros/VFOA/TRAYECTORIAS2020_03_13/M2019-07-03-14-56-49/img/image_538.png -0.589114 51.344160 9.490065 [382.043335, 239.570221]
/mnt/gpid07/users/morros/VFOA/TRAYECTORIAS2020_03_13/M2019-07-03-14-56-49/img/image_539.png -3.899495 48.935113 7.770746 [372.944489, 244.18364]
/mnt/gpid07/users/morros/VFOA/TRAYECTORIAS2020_03_13/M2019-07-03-14-56-49/img/image_540.png -5.260550 44.365421 6.600197 [361.878967, 241.599228]
/mnt/gpid07/users/morros/VFOA/TRAYECTORIAS2020_03_13/M2019-07-03-14-56-49/img/image_541.png -4.528727 36.248741 5.688323 [337.863342, 228.489899]
/mnt/gpid07/users/morros/VFOA/TRAYECTORIAS2020_03_13/M2019-07-03-14-56-49/img/image_542.png 0.456320 28.067659 6.159873 [307.756226, 211.715195]
/mnt/gpid07/users/morros/VFOA/TRAYECTORIAS2020_03_13/M2019-07-03-14-56-49/img/image_543.png 9.014065 16.867460 6.683438 [274.793457, 195.226608]
/mnt/gpid07/users/morros/VFOA/TRAYECTORIAS2020_03_13/M2019-07-03-14-56-49/img/image_544.png 16.103740 10.887051 6.243049 [252.365677, 181.980362]
/mnt/gpid07/users/morros/VFOA/TRAYECTORIAS2020_03_13/M2019-07-03-14-56-49/img/image_545.png 43.513631 6.554551 4.995510 [236.742554, 172.375046]
/mnt/gpid07/users/morros/VFOA/TRAYECTORIAS2020_03_13/M2019-07-03-14-56-49/img/image_546.png 47.087321 6.508311 5.371528 [235.248288, 171.450923]
/mnt/gpid07/users/morros/VFOA/TRAYECTORIAS2020_03_13/M2019-07-03-14-56-49/img/image_547.png 50.960043 5.850046 5.363426 [225.42981, 163.674957]
/mnt/gpid07/users/morros/VFOA/TRAYECTORIAS2020_03_13/M2019-07-03-14-56-49/img/image_549.png 54.009632 7.401733 5.242243 [224.345744, 162.813529]
/mnt/gpid07/users/morros/VFOA/TRAYECTORIAS2020_03_13/M2019-07-03-14-56-49/img/image_550.png 58.864112 7.551908 4.780759 [224.354308, 162.820306]
/mnt/gpid07/users/morros/VFOA/TRAYECTORIAS2020_03_13/M2019-07-03-14-56-49/img/image_554.png 67.480650 7.811000 3.737180 [195.347046, 226.088409]
/mnt/gpid07/users/morros/VFOA/TRAYECTORIAS2020_03_13/M2019-07-03-14-56-49/img/image_555.png 74.663203 7.753609 2.588824 [211.576187, 229.128128]
/mnt/gpid07/users/morros/VFOA/TRAYECTORIAS2020_03_13/M2019-07-03-14-56-49/img/image_556.png 83.286219 9.671064 2.407842 [229.57193, 228.116867]
/mnt/gpid07/users/morros/VFOA/TRAYECTORIAS2020_03_13/M2019-07-03-14-56-49/img/image_557.png 95.243615 11.501384 1.880295 [242.936203, 220.351959]
/mnt/gpid07/users/morros/VFOA/TRAYECTORIAS2020_03_13/M2019-07-03-14-56-49/img/image_558.png 105.346979 9.978400 2.744957 [257.006042, 218.217743]
/mnt/gpid07/users/morros/VFOA/TRAYECTORIAS2020_03_13/M2019-07-03-14-56-49/img/image_559.png 119.766824 14.458627 3.925119 [267.761658, 210.696686]
/mnt/gpid07/users/morros/VFOA/TRAYECTORIAS2020_03_13/M2019-07-03-14-56-49/img/image_560.png 131.200100 16.474849 5.017760 [272.002625, 198.817566]
/mnt/gpid07/users/morros/VFOA/TRAYECTORIAS2020_03_13/M2019-07-03-14-56-49/img/image_561.png 134.291424 17.335041 5.496571 [276.028748, 189.972275]
/mnt/gpid07/users/morros/VFOA/TRAYECTORIAS2020_03_13/M2019-07-03-14-56-49/img/image_562.png 139.403869 20.830242 5.218064 [272.832947, 178.290634]
/mnt/gpid07/users/morros/VFOA/TRAYECTORIAS2020_03_13/M2019-07-03-14-56-49/img/image_563.png 148.490527 20.485990 5.969601 [273.50296, 175.725494]
/mnt/gpid07/users/morros/VFOA/TRAYECTORIAS2020_03_13/M2019-07-03-14-56-49/img/image_564.png 164.426986 16.674199 5.646314 [280.284912, 178.448669]
/mnt/gpid07/users/morros/VFOA/TRAYECTORIAS2020_03_13/M2019-07-03-14-56-49/img/image_565.png -174.784156 17.795283 6.435579 [289.023376, 185.898224]
/mnt/gpid07/users/morros/VFOA/TRAYECTORIAS2020_03_13/M2019-07-03-14-56-49/img/image_566.png -154.752890 17.564844 7.529075 [295.704681, 199.444183]
/mnt/gpid07/users/morros/VFOA/TRAYECTORIAS2020_03_13/M2019-07-03-14-56-49/img/image_567.png -143.069688 16.539980 9.263151 [307.554932, 214.759399]
/mnt/gpid07/users/morros/VFOA/TRAYECTORIAS2020_03_13/M2019-07-03-14-56-49/img/image_568.png -128.806805 7.743260 7.045762 [316.221741, 225.985199]
/mnt/gpid07/users/morros/VFOA/TRAYECTORIAS2020_03_13/M2019-07-03-14-56-49/img/image_569.png -107.147155 4.533608 -0.989807 [322.17923, 237.167648]
/mnt/gpid07/users/morros/VFOA/TRAYECTORIAS2020_03_13/M2019-07-03-14-56-49/img/image_570.png -89.905504 2.395091 -2.680902 [324.181091, 241.144913]
/mnt/gpid07/users/morros/VFOA/TRAYECTORIAS2020_03_13/M2019-07-03-14-56-49/img/image_571.png -85.875450 1.335838 -10.857249 [317.779327, 243.755249]
/mnt/gpid07/users/morros/VFOA/TRAYECTORIAS2020_03_13/M2019-07-03-14-56-49/img/image_572.png -79.221703 3.239813 -8.861875 [305.098358, 245.379929]
/mnt/gpid07/users/morros/VFOA/TRAYECTORIAS2020_03_13/M2019-07-03-14-56-49/img/image_573.png -65.701696 2.433708 -1.082880 [296.054291, 243.212646]
/mnt/gpid07/users/morros/VFOA/TRAYECTORIAS2020_03_13/M2019-07-03-14-56-49/img/image_574.png -60.979730 1.703782 7.087893 [292.923981, 240.735168]
/mnt/gpid07/users/morros/VFOA/TRAYECTORIAS2020_03_13/M2019-07-03-14-56-49/img/image_575.png -65.446572 10.567914 11.068152 [294.05365, 240.600403]
/mnt/gpid07/users/morros/VFOA/TRAYECTORIAS2020_03_13/M2019-07-03-14-56-49/img/image_576.png -65.669611 7.193542 10.376815 [300.923309, 242.664902]
/mnt/gpid07/users/morros/VFOA/TRAYECTORIAS2020_03_13/M2019-07-03-14-56-49/img/image_577.png -62.036911 5.153274 7.783478 [319.349396, 245.453751]
