/mnt/gpid07/users/morros/VFOA/TRAYECTORIAS2020_03_13/M2019-07-03-15-01-33/img/image_140.png 22.651755 0.001249 -0.324566 [591.434509, 286.80896]
/mnt/gpid07/users/morros/VFOA/TRAYECTORIAS2020_03_13/M2019-07-03-15-01-33/img/image_141.png 20.508748 0.238222 0.207701 [577.66217, 294.112152]
/mnt/gpid07/users/morros/VFOA/TRAYECTORIAS2020_03_13/M2019-07-03-15-01-33/img/image_142.png 18.357932 0.473285 0.006989 [562.648376, 302.742584]
/mnt/gpid07/users/morros/VFOA/TRAYECTORIAS2020_03_13/M2019-07-03-15-01-33/img/image_143.png 14.535030 1.150786 -0.521041 [548.999084, 312.511871]
/mnt/gpid07/users/morros/VFOA/TRAYECTORIAS2020_03_13/M2019-07-03-15-01-33/img/image_144.png 11.592759 1.464006 -1.134992 [538.288269, 319.796814]
/mnt/gpid07/users/morros/VFOA/TRAYECTORIAS2020_03_13/M2019-07-03-15-01-33/img/image_145.png 9.198615 1.650483 -0.865080 [531.818604, 324.245087]
/mnt/gpid07/users/morros/VFOA/TRAYECTORIAS2020_03_13/M2019-07-03-15-01-33/img/image_146.png 8.330238 1.939387 -1.125469 [526.505432, 324.539764]
/mnt/gpid07/users/morros/VFOA/TRAYECTORIAS2020_03_13/M2019-07-03-15-01-33/img/image_147.png 7.337098 2.455702 -1.102287 [518.975586, 319.981018]
/mnt/gpid07/users/morros/VFOA/TRAYECTORIAS2020_03_13/M2019-07-03-15-01-33/img/image_148.png 6.220032 3.217383 -1.071413 [506.046417, 312.598114]
/mnt/gpid07/users/morros/VFOA/TRAYECTORIAS2020_03_13/M2019-07-03-15-01-33/img/image_149.png 5.273187 4.501233 -0.821413 [494.301086, 304.44458]
/mnt/gpid07/users/morros/VFOA/TRAYECTORIAS2020_03_13/M2019-07-03-15-01-33/img/image_150.png 3.925471 4.737829 -0.576235 [486.341003, 297.718323]
/mnt/gpid07/users/morros/VFOA/TRAYECTORIAS2020_03_13/M2019-07-03-15-01-33/img/image_151.png 2.850549 5.531516 -0.507963 [478.600647, 291.841248]
/mnt/gpid07/users/morros/VFOA/TRAYECTORIAS2020_03_13/M2019-07-03-15-01-33/img/image_152.png 1.886937 6.365016 -0.752545 [472.470917, 285.580505]
/mnt/gpid07/users/morros/VFOA/TRAYECTORIAS2020_03_13/M2019-07-03-15-01-33/img/image_153.png 0.411220 7.372596 -0.602534 [467.987244, 280.631195]
/mnt/gpid07/users/morros/VFOA/TRAYECTORIAS2020_03_13/M2019-07-03-15-01-33/img/image_154.png -0.191094 8.655361 -0.805619 [462.425201, 276.832703]
/mnt/gpid07/users/morros/VFOA/TRAYECTORIAS2020_03_13/M2019-07-03-15-01-33/img/image_155.png -0.334204 9.574085 -0.332399 [456.734802, 274.12912]
/mnt/gpid07/users/morros/VFOA/TRAYECTORIAS2020_03_13/M2019-07-03-15-01-33/img/image_156.png -0.817680 9.831596 -0.326220 [452.371704, 272.832275]
/mnt/gpid07/users/morros/VFOA/TRAYECTORIAS2020_03_13/M2019-07-03-15-01-33/img/image_157.png -1.462888 11.036594 -0.354488 [446.901611, 270.465881]
/mnt/gpid07/users/morros/VFOA/TRAYECTORIAS2020_03_13/M2019-07-03-15-01-33/img/image_158.png -1.168779 12.894485 -0.324589 [441.585236, 270.504761]
/mnt/gpid07/users/morros/VFOA/TRAYECTORIAS2020_03_13/M2019-07-03-15-01-33/img/image_159.png -2.604473 15.870074 -0.411761 [433.508911, 270.522003]
/mnt/gpid07/users/morros/VFOA/TRAYECTORIAS2020_03_13/M2019-07-03-15-01-33/img/image_160.png -1.527588 16.020244 -0.375927 [426.674103, 270.687073]
/mnt/gpid07/users/morros/VFOA/TRAYECTORIAS2020_03_13/M2019-07-03-15-01-33/img/image_161.png -2.174678 18.401576 -0.026622 [420.452545, 272.981079]
/mnt/gpid07/users/morros/VFOA/TRAYECTORIAS2020_03_13/M2019-07-03-15-01-33/img/image_162.png -2.293032 20.226335 0.206763 [413.078339, 273.046265]
/mnt/gpid07/users/morros/VFOA/TRAYECTORIAS2020_03_13/M2019-07-03-15-01-33/img/image_163.png -2.967880 21.724185 0.467561 [405.988953, 276.554962]
/mnt/gpid07/users/morros/VFOA/TRAYECTORIAS2020_03_13/M2019-07-03-15-01-33/img/image_164.png -3.690893 23.384013 0.432769 [398.67749, 279.226654]
/mnt/gpid07/users/morros/VFOA/TRAYECTORIAS2020_03_13/M2019-07-03-15-01-33/img/image_165.png -4.016474 24.905039 0.501445 [393.359833, 280.503235]
/mnt/gpid07/users/morros/VFOA/TRAYECTORIAS2020_03_13/M2019-07-03-15-01-33/img/image_166.png -3.907185 27.158867 0.625355 [391.154449, 282.573883]
/mnt/gpid07/users/morros/VFOA/TRAYECTORIAS2020_03_13/M2019-07-03-15-01-33/img/image_167.png -4.061953 28.914480 0.773049 [389.047913, 282.076172]
/mnt/gpid07/users/morros/VFOA/TRAYECTORIAS2020_03_13/M2019-07-03-15-01-33/img/image_168.png -3.879659 30.328403 0.772574 [386.216949, 278.705383]
/mnt/gpid07/users/morros/VFOA/TRAYECTORIAS2020_03_13/M2019-07-03-15-01-33/img/image_169.png -4.160379 31.275784 0.576653 [383.568176, 274.223114]
/mnt/gpid07/users/morros/VFOA/TRAYECTORIAS2020_03_13/M2019-07-03-15-01-33/img/image_170.png -4.150101 31.842506 0.546078 [381.607788, 269.082153]
/mnt/gpid07/users/morros/VFOA/TRAYECTORIAS2020_03_13/M2019-07-03-15-01-33/img/image_171.png -4.186092 32.082900 0.780442 [377.870911, 263.673218]
/mnt/gpid07/users/morros/VFOA/TRAYECTORIAS2020_03_13/M2019-07-03-15-01-33/img/image_172.png -3.987693 33.188976 1.118836 [374.266815, 259.464813]
/mnt/gpid07/users/morros/VFOA/TRAYECTORIAS2020_03_13/M2019-07-03-15-01-33/img/image_173.png -3.795772 32.968326 0.917213 [369.404999, 255.365082]
/mnt/gpid07/users/morros/VFOA/TRAYECTORIAS2020_03_13/M2019-07-03-15-01-33/img/image_174.png -4.330904 32.597518 1.010491 [367.774963, 251.741623]
/mnt/gpid07/users/morros/VFOA/TRAYECTORIAS2020_03_13/M2019-07-03-15-01-33/img/image_175.png -4.612875 32.230677 1.237711 [366.920013, 251.309677]
/mnt/gpid07/users/morros/VFOA/TRAYECTORIAS2020_03_13/M2019-07-03-15-01-33/img/image_176.png -4.520635 32.963994 1.408610 [365.31189, 249.739868]
/mnt/gpid07/users/morros/VFOA/TRAYECTORIAS2020_03_13/M2019-07-03-15-01-33/img/image_177.png -4.362275 33.298113 1.302094 [363.938049, 248.331635]
/mnt/gpid07/users/morros/VFOA/TRAYECTORIAS2020_03_13/M2019-07-03-15-01-33/img/image_178.png -4.273436 33.640086 1.140950 [360.518799, 246.525955]
/mnt/gpid07/users/morros/VFOA/TRAYECTORIAS2020_03_13/M2019-07-03-15-01-33/img/image_179.png -4.373848 33.839975 1.244050 [359.987366, 247.19838]
/mnt/gpid07/users/morros/VFOA/TRAYECTORIAS2020_03_13/M2019-07-03-15-01-33/img/image_180.png -4.033984 33.800207 1.388685 [360.613953, 245.59996]
/mnt/gpid07/users/morros/VFOA/TRAYECTORIAS2020_03_13/M2019-07-03-15-01-33/img/image_181.png -3.972646 32.975580 1.422045 [359.536896, 245.421799]
/mnt/gpid07/users/morros/VFOA/TRAYECTORIAS2020_03_13/M2019-07-03-15-01-33/img/image_182.png -4.263612 32.643118 1.301159 [359.604095, 245.380707]
/mnt/gpid07/users/morros/VFOA/TRAYECTORIAS2020_03_13/M2019-07-03-15-01-33/img/image_183.png -4.603024 32.969311 1.402759 [358.153503, 245.581894]
/mnt/gpid07/users/morros/VFOA/TRAYECTORIAS2020_03_13/M2019-07-03-15-01-33/img/image_184.png -5.169024 33.105563 1.167628 [355.777496, 243.061127]
/mnt/gpid07/users/morros/VFOA/TRAYECTORIAS2020_03_13/M2019-07-03-15-01-33/img/image_185.png -5.484100 33.010661 1.057011 [354.30777, 244.369339]
/mnt/gpid07/users/morros/VFOA/TRAYECTORIAS2020_03_13/M2019-07-03-15-01-33/img/image_186.png -5.454003 32.726363 1.030450 [353.682678, 244.842133]
/mnt/gpid07/users/morros/VFOA/TRAYECTORIAS2020_03_13/M2019-07-03-15-01-33/img/image_187.png -5.269687 32.568098 1.198096 [353.563202, 245.530121]
/mnt/gpid07/users/morros/VFOA/TRAYECTORIAS2020_03_13/M2019-07-03-15-01-33/img/image_188.png -5.466955 32.751926 1.135220 [353.639923, 245.931168]
/mnt/gpid07/users/morros/VFOA/TRAYECTORIAS2020_03_13/M2019-07-03-15-01-33/img/image_189.png -5.450484 32.328001 1.287110 [354.63269, 248.238083]
/mnt/gpid07/users/morros/VFOA/TRAYECTORIAS2020_03_13/M2019-07-03-15-01-33/img/image_190.png -5.710814 30.305365 1.026333 [354.837006, 250.197403]
/mnt/gpid07/users/morros/VFOA/TRAYECTORIAS2020_03_13/M2019-07-03-15-01-33/img/image_191.png -5.671021 28.194929 1.369912 [354.264893, 250.872467]
/mnt/gpid07/users/morros/VFOA/TRAYECTORIAS2020_03_13/M2019-07-03-15-01-33/img/image_192.png -5.632516 25.791416 1.597717 [353.037567, 251.366531]
/mnt/gpid07/users/morros/VFOA/TRAYECTORIAS2020_03_13/M2019-07-03-15-01-33/img/image_193.png -5.874102 23.409639 1.499435 [352.411438, 252.29834]
/mnt/gpid07/users/morros/VFOA/TRAYECTORIAS2020_03_13/M2019-07-03-15-01-33/img/image_194.png -5.603739 20.960465 1.579236 [353.332642, 252.830017]
/mnt/gpid07/users/morros/VFOA/TRAYECTORIAS2020_03_13/M2019-07-03-15-01-33/img/image_195.png -4.972311 18.452779 1.184171 [356.910919, 256.994965]
/mnt/gpid07/users/morros/VFOA/TRAYECTORIAS2020_03_13/M2019-07-03-15-01-33/img/image_196.png -4.872866 16.424568 1.345322 [358.720306, 258.046722]
/mnt/gpid07/users/morros/VFOA/TRAYECTORIAS2020_03_13/M2019-07-03-15-01-33/img/image_197.png -4.761498 14.740188 1.282839 [359.918335, 260.415833]
/mnt/gpid07/users/morros/VFOA/TRAYECTORIAS2020_03_13/M2019-07-03-15-01-33/img/image_198.png -4.035128 13.383157 1.202103 [363.734253, 262.782898]
/mnt/gpid07/users/morros/VFOA/TRAYECTORIAS2020_03_13/M2019-07-03-15-01-33/img/image_199.png -3.519627 11.704523 1.101982 [367.883179, 264.119476]
/mnt/gpid07/users/morros/VFOA/TRAYECTORIAS2020_03_13/M2019-07-03-15-01-33/img/image_200.png -3.438465 10.522024 0.953282 [371.955383, 268.414062]
/mnt/gpid07/users/morros/VFOA/TRAYECTORIAS2020_03_13/M2019-07-03-15-01-33/img/image_201.png -3.273559 10.087015 1.025648 [377.093475, 271.762482]
/mnt/gpid07/users/morros/VFOA/TRAYECTORIAS2020_03_13/M2019-07-03-15-01-33/img/image_202.png -3.871535 10.300625 0.768349 [380.694183, 272.876312]
/mnt/gpid07/users/morros/VFOA/TRAYECTORIAS2020_03_13/M2019-07-03-15-01-33/img/image_203.png -3.539491 10.074829 0.757348 [384.925018, 275.103882]
/mnt/gpid07/users/morros/VFOA/TRAYECTORIAS2020_03_13/M2019-07-03-15-01-33/img/image_204.png -5.243123 10.835355 0.971634 [388.59314, 277.337952]
/mnt/gpid07/users/morros/VFOA/TRAYECTORIAS2020_03_13/M2019-07-03-15-01-33/img/image_205.png -5.884896 11.111580 0.861773 [391.139893, 278.155212]
/mnt/gpid07/users/morros/VFOA/TRAYECTORIAS2020_03_13/M2019-07-03-15-01-33/img/image_206.png -6.532713 11.295129 0.398759 [393.877289, 280.72522]
/mnt/gpid07/users/morros/VFOA/TRAYECTORIAS2020_03_13/M2019-07-03-15-01-33/img/image_207.png -5.260286 11.117564 0.153183 [394.629303, 281.65097]
/mnt/gpid07/users/morros/VFOA/TRAYECTORIAS2020_03_13/M2019-07-03-15-01-33/img/image_208.png -3.874452 11.426621 0.641944 [391.875214, 284.291016]
/mnt/gpid07/users/morros/VFOA/TRAYECTORIAS2020_03_13/M2019-07-03-15-01-33/img/image_209.png -3.143478 12.136806 1.173642 [386.084747, 288.027832]
/mnt/gpid07/users/morros/VFOA/TRAYECTORIAS2020_03_13/M2019-07-03-15-01-33/img/image_210.png -1.731635 12.524963 1.907818 [371.18396, 292.374756]
/mnt/gpid07/users/morros/VFOA/TRAYECTORIAS2020_03_13/M2019-07-03-15-01-33/img/image_211.png -1.096804 14.167648 2.050299 [365.930145, 293.080383]
/mnt/gpid07/users/morros/VFOA/TRAYECTORIAS2020_03_13/M2019-07-03-15-01-33/img/image_212.png -0.572775 14.461370 2.014778 [357.376434, 289.134766]
/mnt/gpid07/users/morros/VFOA/TRAYECTORIAS2020_03_13/M2019-07-03-15-01-33/img/image_213.png -0.170997 14.989443 1.756658 [348.179291, 280.498138]
/mnt/gpid07/users/morros/VFOA/TRAYECTORIAS2020_03_13/M2019-07-03-15-01-33/img/image_214.png 0.027992 15.780497 1.782245 [335.493286, 266.376556]
/mnt/gpid07/users/morros/VFOA/TRAYECTORIAS2020_03_13/M2019-07-03-15-01-33/img/image_215.png 0.577410 16.128211 1.544761 [321.117767, 250.03717]
/mnt/gpid07/users/morros/VFOA/TRAYECTORIAS2020_03_13/M2019-07-03-15-01-33/img/image_216.png -0.222289 16.800983 1.286186 [307.283051, 235.362656]
/mnt/gpid07/users/morros/VFOA/TRAYECTORIAS2020_03_13/M2019-07-03-15-01-33/img/image_217.png -1.934026 17.547839 0.861515 [294.439392, 221.535675]
/mnt/gpid07/users/morros/VFOA/TRAYECTORIAS2020_03_13/M2019-07-03-15-01-33/img/image_218.png -1.837168 17.006308 1.236270 [283.847198, 211.072632]
/mnt/gpid07/users/morros/VFOA/TRAYECTORIAS2020_03_13/M2019-07-03-15-01-33/img/image_219.png -3.696758 16.309571 1.326468 [278.189911, 204.538986]
/mnt/gpid07/users/morros/VFOA/TRAYECTORIAS2020_03_13/M2019-07-03-15-01-33/img/image_220.png -4.393777 15.254454 1.119443 [271.595062, 199.797073]
/mnt/gpid07/users/morros/VFOA/TRAYECTORIAS2020_03_13/M2019-07-03-15-01-33/img/image_221.png -5.986769 15.567704 1.294676 [265.593781, 198.237732]
/mnt/gpid07/users/morros/VFOA/TRAYECTORIAS2020_03_13/M2019-07-03-15-01-33/img/image_222.png -7.028058 16.057449 1.528321 [255.279388, 197.672928]
/mnt/gpid07/users/morros/VFOA/TRAYECTORIAS2020_03_13/M2019-07-03-15-01-33/img/image_223.png -7.635311 16.397701 1.443060 [241.512177, 199.242996]
/mnt/gpid07/users/morros/VFOA/TRAYECTORIAS2020_03_13/M2019-07-03-15-01-33/img/image_224.png -7.700083 17.266195 1.191641 [227.37471, 197.678253]
/mnt/gpid07/users/morros/VFOA/TRAYECTORIAS2020_03_13/M2019-07-03-15-01-33/img/image_225.png -6.572130 18.285287 1.418951 [213.28064, 202.649612]
/mnt/gpid07/users/morros/VFOA/TRAYECTORIAS2020_03_13/M2019-07-03-15-01-33/img/image_226.png -5.183409 20.053820 1.596337 [202.515411, 203.742889]
/mnt/gpid07/users/morros/VFOA/TRAYECTORIAS2020_03_13/M2019-07-03-15-01-33/img/image_227.png -3.967599 22.575781 1.843412 [191.206436, 205.788727]
/mnt/gpid07/users/morros/VFOA/TRAYECTORIAS2020_03_13/M2019-07-03-15-01-33/img/image_228.png -3.708006 23.872581 2.198028 [186.336914, 205.848465]
/mnt/gpid07/users/morros/VFOA/TRAYECTORIAS2020_03_13/M2019-07-03-15-01-33/img/image_229.png -4.497896 25.375584 2.092597 [181.653168, 203.266556]
/mnt/gpid07/users/morros/VFOA/TRAYECTORIAS2020_03_13/M2019-07-03-15-01-33/img/image_230.png -5.340416 27.386948 1.927852 [181.281967, 199.895508]
/mnt/gpid07/users/morros/VFOA/TRAYECTORIAS2020_03_13/M2019-07-03-15-01-33/img/image_232.png -5.704361 29.595733 1.716019 [174.633972, 188.123932]
/mnt/gpid07/users/morros/VFOA/TRAYECTORIAS2020_03_13/M2019-07-03-15-01-33/img/image_233.png -4.907869 29.432465 1.590017 [170.085739, 184.229752]
/mnt/gpid07/users/morros/VFOA/TRAYECTORIAS2020_03_13/M2019-07-03-15-01-33/img/image_234.png -4.945255 28.966029 1.235454 [162.269089, 178.328506]
/mnt/gpid07/users/morros/VFOA/TRAYECTORIAS2020_03_13/M2019-07-03-15-01-33/img/image_235.png -5.303208 28.308907 1.069290 [160.86528, 174.867401]
/mnt/gpid07/users/morros/VFOA/TRAYECTORIAS2020_03_13/M2019-07-03-15-01-33/img/image_236.png -5.186420 27.883886 1.080942 [164.168274, 173.922256]
/mnt/gpid07/users/morros/VFOA/TRAYECTORIAS2020_03_13/M2019-07-03-15-01-33/img/image_240.png -5.278160 27.697155 1.249757 [164.550884, 173.855698]
/mnt/gpid07/users/morros/VFOA/TRAYECTORIAS2020_03_13/M2019-07-03-15-01-33/img/image_241.png -5.063004 27.543804 1.391386 [159.331711, 169.403381]
/mnt/gpid07/users/morros/VFOA/TRAYECTORIAS2020_03_13/M2019-07-03-15-01-33/img/image_243.png -5.303086 27.442539 1.205224 [151.684372, 166.739609]
/mnt/gpid07/users/morros/VFOA/TRAYECTORIAS2020_03_13/M2019-07-03-15-01-33/img/image_245.png -4.887657 25.337470 1.231613 [151.550323, 166.627319]
/mnt/gpid07/users/morros/VFOA/TRAYECTORIAS2020_03_13/M2019-07-03-15-01-33/img/image_246.png -4.240240 23.094010 1.235102 [152.847656, 167.774139]
/mnt/gpid07/users/morros/VFOA/TRAYECTORIAS2020_03_13/M2019-07-03-15-01-33/img/image_247.png -3.222512 19.630402 1.435434 [162.3255, 170.470551]
/mnt/gpid07/users/morros/VFOA/TRAYECTORIAS2020_03_13/M2019-07-03-15-01-33/img/image_248.png -2.073137 16.014110 1.598255 [150.730713, 166.061905]
/mnt/gpid07/users/morros/VFOA/TRAYECTORIAS2020_03_13/M2019-07-03-15-01-33/img/image_250.png 0.846315 11.574903 2.436212 [159.520691, 171.58699]
/mnt/gpid07/users/morros/VFOA/TRAYECTORIAS2020_03_13/M2019-07-03-15-01-33/img/image_251.png 1.892027 10.566618 2.366631 [167.06459, 176.949539]
/mnt/gpid07/users/morros/VFOA/TRAYECTORIAS2020_03_13/M2019-07-03-15-01-33/img/image_252.png 2.994673 9.267597 2.166620 [173.875031, 180.599182]
/mnt/gpid07/users/morros/VFOA/TRAYECTORIAS2020_03_13/M2019-07-03-15-01-33/img/image_255.png 9.181034 6.355410 2.792230 [184.073334, 191.406601]
/mnt/gpid07/users/morros/VFOA/TRAYECTORIAS2020_03_13/M2019-07-03-15-01-33/img/image_256.png 12.567194 5.717224 3.027919 [187.785645, 192.133286]
/mnt/gpid07/users/morros/VFOA/TRAYECTORIAS2020_03_13/M2019-07-03-15-01-33/img/image_257.png 16.461105 5.389688 3.331364 [191.525482, 192.665115]
/mnt/gpid07/users/morros/VFOA/TRAYECTORIAS2020_03_13/M2019-07-03-15-01-33/img/image_258.png 20.501215 5.847611 3.591408 [187.984039, 196.023041]
/mnt/gpid07/users/morros/VFOA/TRAYECTORIAS2020_03_13/M2019-07-03-15-01-33/img/image_259.png 23.225973 6.054917 3.196959 [190.465393, 197.475281]
/mnt/gpid07/users/morros/VFOA/TRAYECTORIAS2020_03_13/M2019-07-03-15-01-33/img/image_260.png 25.771675 6.362362 2.875345 [190.617188, 198.340424]
/mnt/gpid07/users/morros/VFOA/TRAYECTORIAS2020_03_13/M2019-07-03-15-01-33/img/image_261.png 28.186328 6.254825 3.095223 [190.81839, 200.874695]
/mnt/gpid07/users/morros/VFOA/TRAYECTORIAS2020_03_13/M2019-07-03-15-01-33/img/image_262.png 29.776634 6.268024 2.863233 [192.466019, 201.722733]
/mnt/gpid07/users/morros/VFOA/TRAYECTORIAS2020_03_13/M2019-07-03-15-01-33/img/image_263.png 30.709977 6.175245 2.921975 [188.284378, 199.76799]
/mnt/gpid07/users/morros/VFOA/TRAYECTORIAS2020_03_13/M2019-07-03-15-01-33/img/image_264.png 32.618168 6.161504 2.759841 [188.837372, 203.034073]
/mnt/gpid07/users/morros/VFOA/TRAYECTORIAS2020_03_13/M2019-07-03-15-01-33/img/image_265.png 32.173541 6.472181 2.362596 [188.368744, 202.653564]
/mnt/gpid07/users/morros/VFOA/TRAYECTORIAS2020_03_13/M2019-07-03-15-01-33/img/image_266.png 32.507132 6.263912 2.233449 [189.717377, 200.969894]
/mnt/gpid07/users/morros/VFOA/TRAYECTORIAS2020_03_13/M2019-07-03-15-01-33/img/image_267.png 32.452741 5.946610 2.359702 [193.156006, 205.662643]
/mnt/gpid07/users/morros/VFOA/TRAYECTORIAS2020_03_13/M2019-07-03-15-01-33/img/image_268.png 32.317265 5.899906 2.260614 [197.287521, 197.545929]
/mnt/gpid07/users/morros/VFOA/TRAYECTORIAS2020_03_13/M2019-07-03-15-01-33/img/image_269.png 32.625675 4.879787 2.749606 [201.24321, 196.453705]
/mnt/gpid07/users/morros/VFOA/TRAYECTORIAS2020_03_13/M2019-07-03-15-01-33/img/image_270.png 31.230380 4.733182 2.962782 [204.388428, 190.628235]
/mnt/gpid07/users/morros/VFOA/TRAYECTORIAS2020_03_13/M2019-07-03-15-01-33/img/image_271.png 30.759894 4.044721 2.706213 [206.159958, 197.200241]
/mnt/gpid07/users/morros/VFOA/TRAYECTORIAS2020_03_13/M2019-07-03-15-01-33/img/image_272.png 29.881117 3.957632 3.079726 [206.559387, 198.477875]
/mnt/gpid07/users/morros/VFOA/TRAYECTORIAS2020_03_13/M2019-07-03-15-01-33/img/image_273.png 29.816494 3.530911 3.237014 [205.103882, 202.742447]
/mnt/gpid07/users/morros/VFOA/TRAYECTORIAS2020_03_13/M2019-07-03-15-01-33/img/image_274.png 28.994479 3.802048 2.967606 [202.582382, 204.030533]
/mnt/gpid07/users/morros/VFOA/TRAYECTORIAS2020_03_13/M2019-07-03-15-01-33/img/image_275.png 28.551265 3.688760 2.999675 [198.595901, 215.694031]
/mnt/gpid07/users/morros/VFOA/TRAYECTORIAS2020_03_13/M2019-07-03-15-01-33/img/image_276.png 28.145824 4.773137 3.040878 [194.422073, 224.063141]
/mnt/gpid07/users/morros/VFOA/TRAYECTORIAS2020_03_13/M2019-07-03-15-01-33/img/image_277.png 28.134371 5.482605 3.164267 [190.761444, 228.891495]
/mnt/gpid07/users/morros/VFOA/TRAYECTORIAS2020_03_13/M2019-07-03-15-01-33/img/image_278.png 28.254882 5.947667 2.894494 [188.668686, 233.133804]
/mnt/gpid07/users/morros/VFOA/TRAYECTORIAS2020_03_13/M2019-07-03-15-01-33/img/image_279.png 28.672478 6.284217 2.827853 [186.420319, 237.369263]
/mnt/gpid07/users/morros/VFOA/TRAYECTORIAS2020_03_13/M2019-07-03-15-01-33/img/image_280.png 29.694054 6.488803 2.485043 [187.390289, 244.634186]
/mnt/gpid07/users/morros/VFOA/TRAYECTORIAS2020_03_13/M2019-07-03-15-01-33/img/image_281.png 30.775138 6.153224 2.458220 [185.912613, 248.368149]
/mnt/gpid07/users/morros/VFOA/TRAYECTORIAS2020_03_13/M2019-07-03-15-01-33/img/image_282.png 32.360955 6.325386 2.318069 [185.961761, 253.24733]
/mnt/gpid07/users/morros/VFOA/TRAYECTORIAS2020_03_13/M2019-07-03-15-01-33/img/image_283.png 35.202602 6.291208 1.996570 [184.972336, 254.985596]
/mnt/gpid07/users/morros/VFOA/TRAYECTORIAS2020_03_13/M2019-07-03-15-01-33/img/image_284.png 38.128466 6.504489 1.331154 [182.660095, 253.998901]
/mnt/gpid07/users/morros/VFOA/TRAYECTORIAS2020_03_13/M2019-07-03-15-01-33/img/image_285.png 42.207801 7.200365 1.417883 [181.472702, 253.950821]
/mnt/gpid07/users/morros/VFOA/TRAYECTORIAS2020_03_13/M2019-07-03-15-01-33/img/image_287.png 50.929402 7.507763 2.173972 [171.084274, 244.153976]
/mnt/gpid07/users/morros/VFOA/TRAYECTORIAS2020_03_13/M2019-07-03-15-01-33/img/image_288.png 56.122794 7.933137 2.023833 [164.630737, 241.133316]
/mnt/gpid07/users/morros/VFOA/TRAYECTORIAS2020_03_13/M2019-07-03-15-01-33/img/image_289.png 60.285939 8.678847 2.160418 [159.761185, 234.681259]
/mnt/gpid07/users/morros/VFOA/TRAYECTORIAS2020_03_13/M2019-07-03-15-01-33/img/image_290.png 64.681841 8.914652 2.303782 [151.864792, 229.405777]
/mnt/gpid07/users/morros/VFOA/TRAYECTORIAS2020_03_13/M2019-07-03-15-01-33/img/image_291.png 67.415977 8.981709 2.457964 [142.781128, 223.674088]
/mnt/gpid07/users/morros/VFOA/TRAYECTORIAS2020_03_13/M2019-07-03-15-01-33/img/image_292.png 68.746854 9.007311 2.918683 [136.792679, 216.95192]
/mnt/gpid07/users/morros/VFOA/TRAYECTORIAS2020_03_13/M2019-07-03-15-01-33/img/image_293.png 69.528730 8.712392 2.851641 [130.572845, 211.955841]
/mnt/gpid07/users/morros/VFOA/TRAYECTORIAS2020_03_13/M2019-07-03-15-01-33/img/image_294.png 70.292589 9.068829 2.729011 [125.344391, 208.108032]
/mnt/gpid07/users/morros/VFOA/TRAYECTORIAS2020_03_13/M2019-07-03-15-01-33/img/image_295.png 71.457447 9.069552 2.519098 [122.886406, 206.747925]
/mnt/gpid07/users/morros/VFOA/TRAYECTORIAS2020_03_13/M2019-07-03-15-01-33/img/image_296.png 72.243846 9.289993 2.854263 [127.666397, 208.113693]
/mnt/gpid07/users/morros/VFOA/TRAYECTORIAS2020_03_13/M2019-07-03-15-01-33/img/image_297.png 72.326703 9.270166 2.596859 [130.038849, 210.12764]
/mnt/gpid07/users/morros/VFOA/TRAYECTORIAS2020_03_13/M2019-07-03-15-01-33/img/image_298.png 71.809346 10.457243 2.932771 [133.228485, 211.468735]
/mnt/gpid07/users/morros/VFOA/TRAYECTORIAS2020_03_13/M2019-07-03-15-01-33/img/image_299.png 70.986875 12.195833 3.086538 [139.206451, 215.083237]
/mnt/gpid07/users/morros/VFOA/TRAYECTORIAS2020_03_13/M2019-07-03-15-01-33/img/image_300.png 70.780062 14.373169 3.162915 [147.287125, 220.931931]
/mnt/gpid07/users/morros/VFOA/TRAYECTORIAS2020_03_13/M2019-07-03-15-01-33/img/image_301.png 70.005717 17.166447 3.042450 [153.848068, 228.557266]
/mnt/gpid07/users/morros/VFOA/TRAYECTORIAS2020_03_13/M2019-07-03-15-01-33/img/image_302.png 70.149455 19.062711 3.168485 [165.279022, 235.544983]
/mnt/gpid07/users/morros/VFOA/TRAYECTORIAS2020_03_13/M2019-07-03-15-01-33/img/image_303.png 70.821710 21.281864 3.029279 [175.858673, 243.791046]
/mnt/gpid07/users/morros/VFOA/TRAYECTORIAS2020_03_13/M2019-07-03-15-01-33/img/image_304.png 73.201410 22.946065 3.721813 [181.693039, 251.438812]
/mnt/gpid07/users/morros/VFOA/TRAYECTORIAS2020_03_13/M2019-07-03-15-01-33/img/image_305.png 73.709016 25.267573 3.621158 [182.9888, 258.422638]
/mnt/gpid07/users/morros/VFOA/TRAYECTORIAS2020_03_13/M2019-07-03-15-01-33/img/image_306.png 74.569694 26.942822 3.545026 [183.07299, 259.114381]
/mnt/gpid07/users/morros/VFOA/TRAYECTORIAS2020_03_13/M2019-07-03-15-01-33/img/image_307.png 74.883264 28.232350 3.223345 [178.250687, 272.218231]
/mnt/gpid07/users/morros/VFOA/TRAYECTORIAS2020_03_13/M2019-07-03-15-01-33/img/image_308.png 75.809018 28.871615 3.217344 [169.990646, 273.394592]
/mnt/gpid07/users/morros/VFOA/TRAYECTORIAS2020_03_13/M2019-07-03-15-01-33/img/image_309.png 76.755658 29.328811 3.403843 [157.19696, 277.089508]
/mnt/gpid07/users/morros/VFOA/TRAYECTORIAS2020_03_13/M2019-07-03-15-01-33/img/image_310.png 77.222963 30.383036 3.463314 [155.1241, 276.078522]
/mnt/gpid07/users/morros/VFOA/TRAYECTORIAS2020_03_13/M2019-07-03-15-01-33/img/image_311.png 77.183238 31.062044 3.497050 [144.667053, 277.39209]
/mnt/gpid07/users/morros/VFOA/TRAYECTORIAS2020_03_13/M2019-07-03-15-01-33/img/image_314.png 77.204934 32.143071 3.757637 [130.617355, 282.07901]
/mnt/gpid07/users/morros/VFOA/TRAYECTORIAS2020_03_13/M2019-07-03-15-01-33/img/image_316.png 77.496571 31.278062 3.716754 [129.171431, 282.586606]
/mnt/gpid07/users/morros/VFOA/TRAYECTORIAS2020_03_13/M2019-07-03-15-01-33/img/image_318.png 82.535045 27.134143 3.376860 [124.648315, 283.357513]
/mnt/gpid07/users/morros/VFOA/TRAYECTORIAS2020_03_13/M2019-07-03-15-01-33/img/image_319.png 87.222506 24.515955 2.824080 [124.149427, 283.442785]
/mnt/gpid07/users/morros/VFOA/TRAYECTORIAS2020_03_13/M2019-07-03-15-01-33/img/image_320.png 95.491899 24.174507 3.663474 [124.868706, 283.636444]
/mnt/gpid07/users/morros/VFOA/TRAYECTORIAS2020_03_13/M2019-07-03-15-01-33/img/image_323.png 118.562005 28.035389 4.682306 [124.95426, 283.657037]
/mnt/gpid07/users/morros/VFOA/TRAYECTORIAS2020_03_13/M2019-07-03-15-01-33/img/image_324.png 123.277995 27.391829 4.685632 [124.954172, 283.657015]
/mnt/gpid07/users/morros/VFOA/TRAYECTORIAS2020_03_13/M2019-07-03-15-01-33/img/image_325.png 125.633771 25.409901 4.424849 [124.954168, 283.657014]
/mnt/gpid07/users/morros/VFOA/TRAYECTORIAS2020_03_13/M2019-07-03-15-01-33/img/image_326.png 128.017177 20.682176 3.822805 [152.401733, 269.902893]
/mnt/gpid07/users/morros/VFOA/TRAYECTORIAS2020_03_13/M2019-07-03-15-01-33/img/image_327.png 128.059363 15.744722 3.889432 [160.965805, 275.231018]
/mnt/gpid07/users/morros/VFOA/TRAYECTORIAS2020_03_13/M2019-07-03-15-01-33/img/image_328.png 127.142674 10.595071 3.492154 [172.037399, 277.691589]
/mnt/gpid07/users/morros/VFOA/TRAYECTORIAS2020_03_13/M2019-07-03-15-01-33/img/image_329.png 125.874901 6.358695 3.445565 [186.440765, 278.39505]
/mnt/gpid07/users/morros/VFOA/TRAYECTORIAS2020_03_13/M2019-07-03-15-01-33/img/image_331.png 124.754605 -0.728669 3.089267 [206.683945, 278.423401]
/mnt/gpid07/users/morros/VFOA/TRAYECTORIAS2020_03_13/M2019-07-03-15-01-33/img/image_332.png 124.006090 -2.572031 2.910629 [208.733856, 278.420186]
/mnt/gpid07/users/morros/VFOA/TRAYECTORIAS2020_03_13/M2019-07-03-15-01-33/img/image_333.png 123.655972 -3.772743 2.566440 [208.771651, 278.420077]
/mnt/gpid07/users/morros/VFOA/TRAYECTORIAS2020_03_13/M2019-07-03-15-01-33/img/image_334.png 123.517118 -4.693008 2.795723 [229.536621, 269.232758]
/mnt/gpid07/users/morros/VFOA/TRAYECTORIAS2020_03_13/M2019-07-03-15-01-33/img/image_335.png 123.238959 -5.655053 2.476457 [231.82039, 268.222154]
/mnt/gpid07/users/morros/VFOA/TRAYECTORIAS2020_03_13/M2019-07-03-15-01-33/img/image_336.png 123.709524 -6.573514 2.039491 [231.863955, 268.20286]
/mnt/gpid07/users/morros/VFOA/TRAYECTORIAS2020_03_13/M2019-07-03-15-01-33/img/image_337.png 124.798213 -6.793527 1.140417 [231.845909, 268.210844]
/mnt/gpid07/users/morros/VFOA/TRAYECTORIAS2020_03_13/M2019-07-03-15-01-33/img/image_338.png 125.317600 -5.784302 1.571560 [231.843489, 268.211915]
/mnt/gpid07/users/morros/VFOA/TRAYECTORIAS2020_03_13/M2019-07-03-15-01-33/img/image_339.png 126.897605 -6.089638 1.788580 [231.843403, 268.211953]
/mnt/gpid07/users/morros/VFOA/TRAYECTORIAS2020_03_13/M2019-07-03-15-01-33/img/image_340.png 128.272956 -6.204192 2.198243 [231.843417, 268.211947]
/mnt/gpid07/users/morros/VFOA/TRAYECTORIAS2020_03_13/M2019-07-03-15-01-33/img/image_341.png 129.619847 -5.763436 1.856945 [231.84342, 268.211946]
/mnt/gpid07/users/morros/VFOA/TRAYECTORIAS2020_03_13/M2019-07-03-15-01-33/img/image_342.png 131.643369 -6.420355 1.313278 [231.84342, 268.211945]
/mnt/gpid07/users/morros/VFOA/TRAYECTORIAS2020_03_13/M2019-07-03-15-01-33/img/image_343.png 130.762759 -6.411866 1.183151 [231.84342, 268.211945]
/mnt/gpid07/users/morros/VFOA/TRAYECTORIAS2020_03_13/M2019-07-03-15-01-33/img/image_344.png 130.755656 -6.587070 0.811558 [231.84342, 268.211945]
/mnt/gpid07/users/morros/VFOA/TRAYECTORIAS2020_03_13/M2019-07-03-15-01-33/img/image_345.png 131.436639 -6.620802 1.322373 [231.84342, 268.211945]
/mnt/gpid07/users/morros/VFOA/TRAYECTORIAS2020_03_13/M2019-07-03-15-01-33/img/image_346.png 131.619701 -6.274621 1.895465 [231.84342, 268.211945]
/mnt/gpid07/users/morros/VFOA/TRAYECTORIAS2020_03_13/M2019-07-03-15-01-33/img/image_347.png 132.410083 -4.480702 1.380112 [231.84342, 268.211945]
/mnt/gpid07/users/morros/VFOA/TRAYECTORIAS2020_03_13/M2019-07-03-15-01-33/img/image_348.png 133.949928 -1.494575 1.499715 [231.84342, 268.211945]
/mnt/gpid07/users/morros/VFOA/TRAYECTORIAS2020_03_13/M2019-07-03-15-01-33/img/image_349.png 134.284416 3.422596 2.180790 [231.84342, 268.211945]
/mnt/gpid07/users/morros/VFOA/TRAYECTORIAS2020_03_13/M2019-07-03-15-01-33/img/image_350.png 136.338298 7.528066 2.139782 [231.84342, 268.211945]
/mnt/gpid07/users/morros/VFOA/TRAYECTORIAS2020_03_13/M2019-07-03-15-01-33/img/image_351.png 137.914673 11.030761 2.355232 [218.016891, 312.564362]
/mnt/gpid07/users/morros/VFOA/TRAYECTORIAS2020_03_13/M2019-07-03-15-01-33/img/image_352.png 137.923927 12.261538 2.531809 [218.167053, 316.164734]
/mnt/gpid07/users/morros/VFOA/TRAYECTORIAS2020_03_13/M2019-07-03-15-01-33/img/image_353.png 138.155350 11.724218 2.212303 [218.321836, 316.117251]
/mnt/gpid07/users/morros/VFOA/TRAYECTORIAS2020_03_13/M2019-07-03-15-01-33/img/image_354.png 138.370124 11.185420 1.831256 [218.337361, 316.076024]
/mnt/gpid07/users/morros/VFOA/TRAYECTORIAS2020_03_13/M2019-07-03-15-01-33/img/image_355.png 138.295687 10.866999 1.565333 [218.337521, 316.071964]
/mnt/gpid07/users/morros/VFOA/TRAYECTORIAS2020_03_13/M2019-07-03-15-01-33/img/image_356.png 138.144945 9.866272 1.359157 [231.42955, 344.358368]
/mnt/gpid07/users/morros/VFOA/TRAYECTORIAS2020_03_13/M2019-07-03-15-01-33/img/image_357.png 137.438161 9.001667 0.928547 [233.08902, 346.487701]
/mnt/gpid07/users/morros/VFOA/TRAYECTORIAS2020_03_13/M2019-07-03-15-01-33/img/image_358.png 135.753439 8.320497 0.690478 [232.281403, 345.68454]
/mnt/gpid07/users/morros/VFOA/TRAYECTORIAS2020_03_13/M2019-07-03-15-01-33/img/image_359.png 134.842382 7.488103 0.808439 [231.305573, 343.665527]
/mnt/gpid07/users/morros/VFOA/TRAYECTORIAS2020_03_13/M2019-07-03-15-01-33/img/image_360.png 134.177806 6.215176 1.312192 [230.242096, 341.814697]
/mnt/gpid07/users/morros/VFOA/TRAYECTORIAS2020_03_13/M2019-07-03-15-01-33/img/image_361.png 131.792981 5.860807 2.011451 [231.193954, 338.225586]
/mnt/gpid07/users/morros/VFOA/TRAYECTORIAS2020_03_13/M2019-07-03-15-01-33/img/image_362.png 131.262019 4.947437 2.406704 [231.309294, 337.849292]
/mnt/gpid07/users/morros/VFOA/TRAYECTORIAS2020_03_13/M2019-07-03-15-01-33/img/image_363.png 130.315489 4.435469 2.688462 [235.834122, 333.869812]
/mnt/gpid07/users/morros/VFOA/TRAYECTORIAS2020_03_13/M2019-07-03-15-01-33/img/image_364.png 130.232041 3.630617 2.823674 [243.377502, 328.478577]
/mnt/gpid07/users/morros/VFOA/TRAYECTORIAS2020_03_13/M2019-07-03-15-01-33/img/image_365.png 130.000580 2.757527 2.880967 [253.239212, 322.847687]
/mnt/gpid07/users/morros/VFOA/TRAYECTORIAS2020_03_13/M2019-07-03-15-01-33/img/image_366.png 130.110336 2.495645 2.839889 [265.530334, 318.473145]
/mnt/gpid07/users/morros/VFOA/TRAYECTORIAS2020_03_13/M2019-07-03-15-01-33/img/image_367.png 130.930302 2.786234 2.654824 [280.163879, 313.399017]
/mnt/gpid07/users/morros/VFOA/TRAYECTORIAS2020_03_13/M2019-07-03-15-01-33/img/image_368.png 131.315760 3.256696 2.140171 [295.932251, 309.536621]
/mnt/gpid07/users/morros/VFOA/TRAYECTORIAS2020_03_13/M2019-07-03-15-01-33/img/image_369.png 132.266133 3.615843 1.461145 [309.648773, 304.704834]
/mnt/gpid07/users/morros/VFOA/TRAYECTORIAS2020_03_13/M2019-07-03-15-01-33/img/image_370.png 134.828091 3.972313 1.009791 [322.654449, 298.991089]
/mnt/gpid07/users/morros/VFOA/TRAYECTORIAS2020_03_13/M2019-07-03-15-01-33/img/image_371.png 138.349106 5.497204 1.057527 [334.098877, 294.513]
/mnt/gpid07/users/morros/VFOA/TRAYECTORIAS2020_03_13/M2019-07-03-15-01-33/img/image_372.png 143.609835 5.826849 1.519429 [343.385162, 291.122009]
/mnt/gpid07/users/morros/VFOA/TRAYECTORIAS2020_03_13/M2019-07-03-15-01-33/img/image_373.png 148.766021 6.292629 1.382714 [349.401794, 290.593201]
/mnt/gpid07/users/morros/VFOA/TRAYECTORIAS2020_03_13/M2019-07-03-15-01-33/img/image_374.png 155.238986 4.902554 1.062301 [352.285645, 291.685486]
/mnt/gpid07/users/morros/VFOA/TRAYECTORIAS2020_03_13/M2019-07-03-15-01-33/img/image_375.png 161.441438 4.602429 0.541565 [350.994019, 292.5]
/mnt/gpid07/users/morros/VFOA/TRAYECTORIAS2020_03_13/M2019-07-03-15-01-33/img/image_376.png 166.890233 3.775697 -0.155301 [348.079559, 297.200348]
/mnt/gpid07/users/morros/VFOA/TRAYECTORIAS2020_03_13/M2019-07-03-15-01-33/img/image_377.png 169.403222 3.159624 0.334742 [345.317932, 303.644531]
/mnt/gpid07/users/morros/VFOA/TRAYECTORIAS2020_03_13/M2019-07-03-15-01-33/img/image_378.png 172.179071 3.103842 0.783429 [341.432709, 311.549316]
/mnt/gpid07/users/morros/VFOA/TRAYECTORIAS2020_03_13/M2019-07-03-15-01-33/img/image_379.png 174.668940 3.447179 0.965246 [339.156891, 316.017975]
/mnt/gpid07/users/morros/VFOA/TRAYECTORIAS2020_03_13/M2019-07-03-15-01-33/img/image_380.png 177.410636 4.534817 1.565017 [338.418549, 318.150787]
/mnt/gpid07/users/morros/VFOA/TRAYECTORIAS2020_03_13/M2019-07-03-15-01-33/img/image_381.png 180.024794 5.454714 1.827072 [337.559998, 318.271454]
/mnt/gpid07/users/morros/VFOA/TRAYECTORIAS2020_03_13/M2019-07-03-15-01-33/img/image_382.png -179.128268 5.707178 1.988812 [336.307922, 318.29834]
/mnt/gpid07/users/morros/VFOA/TRAYECTORIAS2020_03_13/M2019-07-03-15-01-33/img/image_383.png -179.239872 5.869714 1.916613 [335.095551, 321.517365]
/mnt/gpid07/users/morros/VFOA/TRAYECTORIAS2020_03_13/M2019-07-03-15-01-33/img/image_384.png -179.828352 5.761922 1.489530 [336.125366, 324.037872]
/mnt/gpid07/users/morros/VFOA/TRAYECTORIAS2020_03_13/M2019-07-03-15-01-33/img/image_385.png 179.502611 6.085286 1.538840 [339.154694, 328.833954]
/mnt/gpid07/users/morros/VFOA/TRAYECTORIAS2020_03_13/M2019-07-03-15-01-33/img/image_386.png 178.456462 7.038087 1.389399 [341.316467, 333.410339]
/mnt/gpid07/users/morros/VFOA/TRAYECTORIAS2020_03_13/M2019-07-03-15-01-33/img/image_387.png 177.242202 7.187242 1.147451 [342.073517, 335.22345]
/mnt/gpid07/users/morros/VFOA/TRAYECTORIAS2020_03_13/M2019-07-03-15-01-33/img/image_388.png 175.409295 7.145569 1.310936 [343.454712, 337.712433]
/mnt/gpid07/users/morros/VFOA/TRAYECTORIAS2020_03_13/M2019-07-03-15-01-33/img/image_389.png 174.407332 7.314030 1.405401 [343.595917, 338.025421]
/mnt/gpid07/users/morros/VFOA/TRAYECTORIAS2020_03_13/M2019-07-03-15-01-33/img/image_390.png 172.527018 7.496501 1.522568 [345.651184, 338.6073]
/mnt/gpid07/users/morros/VFOA/TRAYECTORIAS2020_03_13/M2019-07-03-15-01-33/img/image_391.png 170.856648 8.004593 1.831416 [349.660339, 338.18576]
/mnt/gpid07/users/morros/VFOA/TRAYECTORIAS2020_03_13/M2019-07-03-15-01-33/img/image_392.png 168.724533 10.000872 2.211979 [354.899811, 337.539307]
/mnt/gpid07/users/morros/VFOA/TRAYECTORIAS2020_03_13/M2019-07-03-15-01-33/img/image_393.png 165.990771 12.431379 2.283781 [363.147919, 334.192444]
/mnt/gpid07/users/morros/VFOA/TRAYECTORIAS2020_03_13/M2019-07-03-15-01-33/img/image_394.png 163.606220 14.881936 2.442314 [375.906555, 328.730988]
/mnt/gpid07/users/morros/VFOA/TRAYECTORIAS2020_03_13/M2019-07-03-15-01-33/img/image_395.png 162.013187 16.262317 1.759167 [392.135162, 324.444122]
/mnt/gpid07/users/morros/VFOA/TRAYECTORIAS2020_03_13/M2019-07-03-15-01-33/img/image_396.png 162.131638 17.404304 1.172751 [408.913391, 321.292511]
/mnt/gpid07/users/morros/VFOA/TRAYECTORIAS2020_03_13/M2019-07-03-15-01-33/img/image_397.png 163.192023 18.293578 1.395541 [423.318298, 316.407898]
/mnt/gpid07/users/morros/VFOA/TRAYECTORIAS2020_03_13/M2019-07-03-15-01-33/img/image_398.png 164.673221 19.385206 1.922268 [436.126709, 316.552307]
/mnt/gpid07/users/morros/VFOA/TRAYECTORIAS2020_03_13/M2019-07-03-15-01-33/img/image_399.png 164.855971 21.154773 2.249064 [457.445984, 315.393799]
/mnt/gpid07/users/morros/VFOA/TRAYECTORIAS2020_03_13/M2019-07-03-15-01-33/img/image_400.png 164.911453 22.693247 2.238733 [464.463348, 314.427673]
/mnt/gpid07/users/morros/VFOA/TRAYECTORIAS2020_03_13/M2019-07-03-15-01-33/img/image_401.png 164.932042 24.296757 2.362538 [468.698883, 312.271667]
/mnt/gpid07/users/morros/VFOA/TRAYECTORIAS2020_03_13/M2019-07-03-15-01-33/img/image_402.png 165.365918 25.956386 2.453974 [472.477966, 316.517365]
/mnt/gpid07/users/morros/VFOA/TRAYECTORIAS2020_03_13/M2019-07-03-15-01-33/img/image_403.png 164.918401 28.121086 2.090578 [480.02298, 322.047363]
/mnt/gpid07/users/morros/VFOA/TRAYECTORIAS2020_03_13/M2019-07-03-15-01-33/img/image_404.png 165.046466 28.308571 2.199903 [472.252197, 325.160675]
/mnt/gpid07/users/morros/VFOA/TRAYECTORIAS2020_03_13/M2019-07-03-15-01-33/img/image_405.png 165.633646 28.627949 2.540522 [470.732941, 331.705688]
/mnt/gpid07/users/morros/VFOA/TRAYECTORIAS2020_03_13/M2019-07-03-15-01-33/img/image_406.png 166.039499 29.561036 2.533398 [471.069794, 338.578827]
/mnt/gpid07/users/morros/VFOA/TRAYECTORIAS2020_03_13/M2019-07-03-15-01-33/img/image_411.png 167.265585 31.168553 2.618288 [473.251434, 358.50766]
/mnt/gpid07/users/morros/VFOA/TRAYECTORIAS2020_03_13/M2019-07-03-15-01-33/img/image_412.png 167.215882 31.654472 2.306371 [473.888, 358.754242]
/mnt/gpid07/users/morros/VFOA/TRAYECTORIAS2020_03_13/M2019-07-03-15-01-33/img/image_413.png 167.293291 32.192450 2.241204 [473.796448, 358.820984]
/mnt/gpid07/users/morros/VFOA/TRAYECTORIAS2020_03_13/M2019-07-03-15-01-33/img/image_414.png 167.196755 32.522653 2.277786 [473.119293, 360.72348]
/mnt/gpid07/users/morros/VFOA/TRAYECTORIAS2020_03_13/M2019-07-03-15-01-33/img/image_415.png 167.143121 32.412732 2.259912 [473.224091, 361.35495]
/mnt/gpid07/users/morros/VFOA/TRAYECTORIAS2020_03_13/M2019-07-03-15-01-33/img/image_416.png 167.533031 32.082939 2.548778 [472.994324, 363.461639]
/mnt/gpid07/users/morros/VFOA/TRAYECTORIAS2020_03_13/M2019-07-03-15-01-33/img/image_417.png 167.827353 31.802716 2.625312 [475.207611, 364.979614]
/mnt/gpid07/users/morros/VFOA/TRAYECTORIAS2020_03_13/M2019-07-03-15-01-33/img/image_418.png 167.443986 31.739688 2.401543 [477.789062, 365.755768]
/mnt/gpid07/users/morros/VFOA/TRAYECTORIAS2020_03_13/M2019-07-03-15-01-33/img/image_419.png 167.534317 31.427297 2.504838 [479.646088, 369.091187]
/mnt/gpid07/users/morros/VFOA/TRAYECTORIAS2020_03_13/M2019-07-03-15-01-33/img/image_420.png 167.372530 31.331790 2.360893 [479.576996, 367.047699]
/mnt/gpid07/users/morros/VFOA/TRAYECTORIAS2020_03_13/M2019-07-03-15-01-33/img/image_421.png 167.612680 31.120381 2.385931 [479.638885, 368.22702]
/mnt/gpid07/users/morros/VFOA/TRAYECTORIAS2020_03_13/M2019-07-03-15-01-33/img/image_422.png 167.462959 30.318820 2.051491 [482.958618, 371.063416]
/mnt/gpid07/users/morros/VFOA/TRAYECTORIAS2020_03_13/M2019-07-03-15-01-33/img/image_424.png 167.800408 26.306565 2.044512 [481.165985, 368.15918]
/mnt/gpid07/users/morros/VFOA/TRAYECTORIAS2020_03_13/M2019-07-03-15-01-33/img/image_425.png 167.086068 23.127278 1.856097 [481.043976, 367.968353]
/mnt/gpid07/users/morros/VFOA/TRAYECTORIAS2020_03_13/M2019-07-03-15-01-33/img/image_426.png 166.148468 19.228893 1.707363 [482.235107, 367.466766]
/mnt/gpid07/users/morros/VFOA/TRAYECTORIAS2020_03_13/M2019-07-03-15-01-33/img/image_428.png 164.989226 12.454058 1.788103 [477.913574, 361.458923]
/mnt/gpid07/users/morros/VFOA/TRAYECTORIAS2020_03_13/M2019-07-03-15-01-33/img/image_429.png 165.754112 10.037028 1.664243 [475.972076, 356.189667]
/mnt/gpid07/users/morros/VFOA/TRAYECTORIAS2020_03_13/M2019-07-03-15-01-33/img/image_430.png 164.852702 7.851752 1.914927 [469.916107, 351.26355]
/mnt/gpid07/users/morros/VFOA/TRAYECTORIAS2020_03_13/M2019-07-03-15-01-33/img/image_431.png 164.002498 6.361056 2.101537 [469.269366, 350.77437]
/mnt/gpid07/users/morros/VFOA/TRAYECTORIAS2020_03_13/M2019-07-03-15-01-33/img/image_432.png 159.007370 6.339394 2.286282 [469.258784, 350.769821]
/mnt/gpid07/users/morros/VFOA/TRAYECTORIAS2020_03_13/M2019-07-03-15-01-33/img/image_433.png 151.664208 5.965587 1.764696 [447.340851, 327.14566]
/mnt/gpid07/users/morros/VFOA/TRAYECTORIAS2020_03_13/M2019-07-03-15-01-33/img/image_434.png 144.594293 5.643122 1.383370 [446.519043, 319.890656]
/mnt/gpid07/users/morros/VFOA/TRAYECTORIAS2020_03_13/M2019-07-03-15-01-33/img/image_435.png 139.388909 5.161965 1.549519 [443.858704, 314.552582]
/mnt/gpid07/users/morros/VFOA/TRAYECTORIAS2020_03_13/M2019-07-03-15-01-33/img/image_436.png 135.950310 4.375955 2.088329 [442.308655, 308.35083]
/mnt/gpid07/users/morros/VFOA/TRAYECTORIAS2020_03_13/M2019-07-03-15-01-33/img/image_437.png 134.754593 3.953906 2.547121 [442.045624, 303.316895]
/mnt/gpid07/users/morros/VFOA/TRAYECTORIAS2020_03_13/M2019-07-03-15-01-33/img/image_438.png 132.935490 3.990793 2.931594 [443.945862, 298.402252]
/mnt/gpid07/users/morros/VFOA/TRAYECTORIAS2020_03_13/M2019-07-03-15-01-33/img/image_439.png 131.830201 3.637491 3.005859 [441.722839, 296.026123]
/mnt/gpid07/users/morros/VFOA/TRAYECTORIAS2020_03_13/M2019-07-03-15-01-33/img/image_440.png 130.561975 3.105657 2.374657 [443.298309, 295.006195]
/mnt/gpid07/users/morros/VFOA/TRAYECTORIAS2020_03_13/M2019-07-03-15-01-33/img/image_441.png 129.743627 2.703744 1.778564 [439.284119, 296.088135]
/mnt/gpid07/users/morros/VFOA/TRAYECTORIAS2020_03_13/M2019-07-03-15-01-33/img/image_442.png 129.728667 2.563275 1.454687 [433.68399, 300.67923]
/mnt/gpid07/users/morros/VFOA/TRAYECTORIAS2020_03_13/M2019-07-03-15-01-33/img/image_443.png 129.130222 2.870481 1.144900 [424.448761, 304.407532]
/mnt/gpid07/users/morros/VFOA/TRAYECTORIAS2020_03_13/M2019-07-03-15-01-33/img/image_444.png 128.336847 3.356239 0.875557 [415.046906, 310.286713]
/mnt/gpid07/users/morros/VFOA/TRAYECTORIAS2020_03_13/M2019-07-03-15-01-33/img/image_445.png 127.712906 3.734376 1.123390 [404.09906, 315.499603]
/mnt/gpid07/users/morros/VFOA/TRAYECTORIAS2020_03_13/M2019-07-03-15-01-33/img/image_446.png 127.359245 3.808282 1.443318 [394.634094, 321.661652]
/mnt/gpid07/users/morros/VFOA/TRAYECTORIAS2020_03_13/M2019-07-03-15-01-33/img/image_447.png 126.446171 3.379656 1.837102 [386.037476, 327.245392]
/mnt/gpid07/users/morros/VFOA/TRAYECTORIAS2020_03_13/M2019-07-03-15-01-33/img/image_448.png 125.680382 2.807019 2.374008 [379.858551, 332.492767]
/mnt/gpid07/users/morros/VFOA/TRAYECTORIAS2020_03_13/M2019-07-03-15-01-33/img/image_449.png 125.344974 2.386682 2.693429 [374.704651, 335.682098]
/mnt/gpid07/users/morros/VFOA/TRAYECTORIAS2020_03_13/M2019-07-03-15-01-33/img/image_450.png 124.363437 2.182608 2.845729 [371.915466, 338.775238]
/mnt/gpid07/users/morros/VFOA/TRAYECTORIAS2020_03_13/M2019-07-03-15-01-33/img/image_451.png 123.639990 1.805021 3.097846 [372.576752, 340.981445]
/mnt/gpid07/users/morros/VFOA/TRAYECTORIAS2020_03_13/M2019-07-03-15-01-33/img/image_452.png 122.671389 1.617819 3.271657 [377.626343, 343.374969]
/mnt/gpid07/users/morros/VFOA/TRAYECTORIAS2020_03_13/M2019-07-03-15-01-33/img/image_453.png 122.350856 1.305822 2.936820 [384.661896, 343.668427]
/mnt/gpid07/users/morros/VFOA/TRAYECTORIAS2020_03_13/M2019-07-03-15-01-33/img/image_454.png 122.374898 0.932403 2.471642 [393.276611, 344.067963]
/mnt/gpid07/users/morros/VFOA/TRAYECTORIAS2020_03_13/M2019-07-03-15-01-33/img/image_455.png 122.103358 0.972557 2.028290 [401.85022, 345.149933]
/mnt/gpid07/users/morros/VFOA/TRAYECTORIAS2020_03_13/M2019-07-03-15-01-33/img/image_456.png 121.302884 1.256132 1.957575 [409.810883, 344.327515]
/mnt/gpid07/users/morros/VFOA/TRAYECTORIAS2020_03_13/M2019-07-03-15-01-33/img/image_457.png 121.166136 1.157315 1.612555 [415.970642, 344.038177]
/mnt/gpid07/users/morros/VFOA/TRAYECTORIAS2020_03_13/M2019-07-03-15-01-33/img/image_458.png 120.451385 1.318136 1.547232 [421.617889, 342.817413]
/mnt/gpid07/users/morros/VFOA/TRAYECTORIAS2020_03_13/M2019-07-03-15-01-33/img/image_459.png 119.966368 1.357511 1.402886 [425.086609, 341.073456]
/mnt/gpid07/users/morros/VFOA/TRAYECTORIAS2020_03_13/M2019-07-03-15-01-33/img/image_460.png 118.642524 1.863295 1.253979 [427.596252, 341.004974]
/mnt/gpid07/users/morros/VFOA/TRAYECTORIAS2020_03_13/M2019-07-03-15-01-33/img/image_461.png 116.988131 3.034826 1.695330 [429.113007, 342.210907]
/mnt/gpid07/users/morros/VFOA/TRAYECTORIAS2020_03_13/M2019-07-03-15-01-33/img/image_462.png 112.976992 2.915439 1.551821 [429.990936, 343.147583]
/mnt/gpid07/users/morros/VFOA/TRAYECTORIAS2020_03_13/M2019-07-03-15-01-33/img/image_463.png 108.226261 3.118420 1.239048 [430.498505, 343.566559]
/mnt/gpid07/users/morros/VFOA/TRAYECTORIAS2020_03_13/M2019-07-03-15-01-33/img/image_464.png 102.406402 3.601159 0.980063 [430.94223, 343.88205]
/mnt/gpid07/users/morros/VFOA/TRAYECTORIAS2020_03_13/M2019-07-03-15-01-33/img/image_465.png 97.909089 3.789926 0.924218 [430.9776, 343.030121]
/mnt/gpid07/users/morros/VFOA/TRAYECTORIAS2020_03_13/M2019-07-03-15-01-33/img/image_466.png 94.260242 3.687145 1.013228 [432.215485, 342.034027]
/mnt/gpid07/users/morros/VFOA/TRAYECTORIAS2020_03_13/M2019-07-03-15-01-33/img/image_467.png 90.753018 3.401178 1.105324 [435.36734, 341.614838]
/mnt/gpid07/users/morros/VFOA/TRAYECTORIAS2020_03_13/M2019-07-03-15-01-33/img/image_468.png 88.228698 3.696376 1.102431 [435.701665, 341.578688]
/mnt/gpid07/users/morros/VFOA/TRAYECTORIAS2020_03_13/M2019-07-03-15-01-33/img/image_469.png 87.218037 3.449918 1.321636 [438.525482, 341.811584]
/mnt/gpid07/users/morros/VFOA/TRAYECTORIAS2020_03_13/M2019-07-03-15-01-33/img/image_470.png 85.638533 3.360317 1.547968 [438.832759, 341.837565]
/mnt/gpid07/users/morros/VFOA/TRAYECTORIAS2020_03_13/M2019-07-03-15-01-33/img/image_471.png 85.323913 3.610688 1.435252 [438.838321, 341.838093]
/mnt/gpid07/users/morros/VFOA/TRAYECTORIAS2020_03_13/M2019-07-03-15-01-33/img/image_472.png 84.477815 3.660305 1.575684 [438.83586, 341.837892]
/mnt/gpid07/users/morros/VFOA/TRAYECTORIAS2020_03_13/M2019-07-03-15-01-33/img/image_473.png 82.904449 3.696820 1.403249 [438.835534, 341.837864]
/mnt/gpid07/users/morros/VFOA/TRAYECTORIAS2020_03_13/M2019-07-03-15-01-33/img/image_474.png 80.210910 3.973769 1.418382 [438.835523, 341.837863]
/mnt/gpid07/users/morros/VFOA/TRAYECTORIAS2020_03_13/M2019-07-03-15-01-33/img/image_475.png 75.584970 3.851466 1.371905 [438.835525, 341.837864]
/mnt/gpid07/users/morros/VFOA/TRAYECTORIAS2020_03_13/M2019-07-03-15-01-33/img/image_476.png 70.247827 3.307625 0.876205 [438.835525, 341.837864]
/mnt/gpid07/users/morros/VFOA/TRAYECTORIAS2020_03_13/M2019-07-03-15-01-33/img/image_477.png 66.952069 2.589973 0.705397 [438.835525, 341.837864]
/mnt/gpid07/users/morros/VFOA/TRAYECTORIAS2020_03_13/M2019-07-03-15-01-33/img/image_478.png 63.368500 2.508185 1.527242 [438.835525, 341.837864]
/mnt/gpid07/users/morros/VFOA/TRAYECTORIAS2020_03_13/M2019-07-03-15-01-33/img/image_479.png 61.496786 2.498650 1.441121 [438.835525, 341.837864]
/mnt/gpid07/users/morros/VFOA/TRAYECTORIAS2020_03_13/M2019-07-03-15-01-33/img/image_480.png 59.439174 2.898728 1.600609 [438.835525, 341.837864]
/mnt/gpid07/users/morros/VFOA/TRAYECTORIAS2020_03_13/M2019-07-03-15-01-33/img/image_481.png 57.458184 3.114493 1.852645 [438.835525, 341.837864]
/mnt/gpid07/users/morros/VFOA/TRAYECTORIAS2020_03_13/M2019-07-03-15-01-33/img/image_482.png 54.548064 3.364562 1.865711 [438.835525, 341.837864]
/mnt/gpid07/users/morros/VFOA/TRAYECTORIAS2020_03_13/M2019-07-03-15-01-33/img/image_483.png 51.461476 3.118262 2.090532 [438.835525, 341.837864]
/mnt/gpid07/users/morros/VFOA/TRAYECTORIAS2020_03_13/M2019-07-03-15-01-33/img/image_484.png 48.228190 2.749694 1.947887 [438.835525, 341.837864]
/mnt/gpid07/users/morros/VFOA/TRAYECTORIAS2020_03_13/M2019-07-03-15-01-33/img/image_485.png 44.746556 2.291613 1.757748 [438.835525, 341.837864]
/mnt/gpid07/users/morros/VFOA/TRAYECTORIAS2020_03_13/M2019-07-03-15-01-33/img/image_486.png 41.287758 1.986047 2.371265 [438.835525, 341.837864]
/mnt/gpid07/users/morros/VFOA/TRAYECTORIAS2020_03_13/M2019-07-03-15-01-33/img/image_487.png 38.896788 1.495771 2.527897 [438.835525, 341.837864]
/mnt/gpid07/users/morros/VFOA/TRAYECTORIAS2020_03_13/M2019-07-03-15-01-33/img/image_488.png 36.187748 1.256948 2.592402 [438.835525, 341.837864]
/mnt/gpid07/users/morros/VFOA/TRAYECTORIAS2020_03_13/M2019-07-03-15-01-33/img/image_489.png 33.694386 1.066219 2.515599 [438.835525, 341.837864]
/mnt/gpid07/users/morros/VFOA/TRAYECTORIAS2020_03_13/M2019-07-03-15-01-33/img/image_490.png 32.031963 1.026976 2.459804 [438.835525, 341.837864]
/mnt/gpid07/users/morros/VFOA/TRAYECTORIAS2020_03_13/M2019-07-03-15-01-33/img/image_491.png 30.002596 0.912786 2.579707 [438.835525, 341.837864]
/mnt/gpid07/users/morros/VFOA/TRAYECTORIAS2020_03_13/M2019-07-03-15-01-33/img/image_492.png 29.406814 0.666407 2.284124 [438.835525, 341.837864]
/mnt/gpid07/users/morros/VFOA/TRAYECTORIAS2020_03_13/M2019-07-03-15-01-33/img/image_493.png 29.901826 0.798777 2.027420 [438.835525, 341.837864]
/mnt/gpid07/users/morros/VFOA/TRAYECTORIAS2020_03_13/M2019-07-03-15-01-33/img/image_494.png 30.313492 0.992947 1.715632 [438.835525, 341.837864]
/mnt/gpid07/users/morros/VFOA/TRAYECTORIAS2020_03_13/M2019-07-03-15-01-33/img/image_495.png 30.444087 0.963518 1.943736 [438.835525, 341.837864]
/mnt/gpid07/users/morros/VFOA/TRAYECTORIAS2020_03_13/M2019-07-03-15-01-33/img/image_496.png 30.376521 1.003890 2.021540 [438.835525, 341.837864]
/mnt/gpid07/users/morros/VFOA/TRAYECTORIAS2020_03_13/M2019-07-03-15-01-33/img/image_497.png 30.472444 1.506271 2.186198 [438.835525, 341.837864]
/mnt/gpid07/users/morros/VFOA/TRAYECTORIAS2020_03_13/M2019-07-03-15-01-33/img/image_498.png 30.559131 1.473954 2.352033 [438.835525, 341.837864]
/mnt/gpid07/users/morros/VFOA/TRAYECTORIAS2020_03_13/M2019-07-03-15-01-33/img/image_499.png 30.635626 1.459990 2.256169 [438.835525, 341.837864]
/mnt/gpid07/users/morros/VFOA/TRAYECTORIAS2020_03_13/M2019-07-03-15-01-33/img/image_500.png 30.441734 1.475153 2.196180 [438.835525, 341.837864]
/mnt/gpid07/users/morros/VFOA/TRAYECTORIAS2020_03_13/M2019-07-03-15-01-33/img/image_501.png 30.380460 1.463188 2.226756 [438.835525, 341.837864]
/mnt/gpid07/users/morros/VFOA/TRAYECTORIAS2020_03_13/M2019-07-03-15-01-33/img/image_502.png 30.358296 1.671479 2.350970 [438.835525, 341.837864]
/mnt/gpid07/users/morros/VFOA/TRAYECTORIAS2020_03_13/M2019-07-03-15-01-33/img/image_503.png 30.587814 2.005273 2.342193 [438.835525, 341.837864]
/mnt/gpid07/users/morros/VFOA/TRAYECTORIAS2020_03_13/M2019-07-03-15-01-33/img/image_504.png 31.150975 2.844297 2.043080 [438.835525, 341.837864]
/mnt/gpid07/users/morros/VFOA/TRAYECTORIAS2020_03_13/M2019-07-03-15-01-33/img/image_505.png 30.547444 2.783809 1.880941 [438.835525, 341.837864]
/mnt/gpid07/users/morros/VFOA/TRAYECTORIAS2020_03_13/M2019-07-03-15-01-33/img/image_506.png 32.039049 2.671857 1.004266 [438.835525, 341.837864]
/mnt/gpid07/users/morros/VFOA/TRAYECTORIAS2020_03_13/M2019-07-03-15-01-33/img/image_507.png 32.112853 2.211785 1.606625 [438.835525, 341.837864]
/mnt/gpid07/users/morros/VFOA/TRAYECTORIAS2020_03_13/M2019-07-03-15-01-33/img/image_508.png 32.594566 1.553054 1.540898 [438.835525, 341.837864]
/mnt/gpid07/users/morros/VFOA/TRAYECTORIAS2020_03_13/M2019-07-03-15-01-33/img/image_509.png 31.758442 1.963021 1.716423 [438.835525, 341.837864]
/mnt/gpid07/users/morros/VFOA/TRAYECTORIAS2020_03_13/M2019-07-03-15-01-33/img/image_510.png 31.925515 2.003862 1.422669 [438.835525, 341.837864]
/mnt/gpid07/users/morros/VFOA/TRAYECTORIAS2020_03_13/M2019-07-03-15-01-33/img/image_511.png 31.290800 2.379262 1.288383 [438.835525, 341.837864]
/mnt/gpid07/users/morros/VFOA/TRAYECTORIAS2020_03_13/M2019-07-03-15-01-33/img/image_512.png 33.242709 2.986693 2.831648 [438.835525, 341.837864]
/mnt/gpid07/users/morros/VFOA/TRAYECTORIAS2020_03_13/M2019-07-03-15-01-33/img/image_513.png 37.304266 6.148563 1.461957 [438.835525, 341.837864]
/mnt/gpid07/users/morros/VFOA/TRAYECTORIAS2020_03_13/M2019-07-03-15-01-33/img/image_514.png 38.126395 3.683458 3.998090 [438.835525, 341.837864]
/mnt/gpid07/users/morros/VFOA/TRAYECTORIAS2020_03_13/M2019-07-03-15-01-33/img/image_515.png 36.434878 0.215182 4.603272 [438.835525, 341.837864]
/mnt/gpid07/users/morros/VFOA/TRAYECTORIAS2020_03_13/M2019-07-03-15-01-33/img/image_516.png 28.377483 -3.025452 3.021940 [438.835525, 341.837864]
/mnt/gpid07/users/morros/VFOA/TRAYECTORIAS2020_03_13/M2019-07-03-15-01-33/img/image_517.png 7.493640 -3.773334 0.613276 [438.835525, 341.837864]
/mnt/gpid07/users/morros/VFOA/TRAYECTORIAS2020_03_13/M2019-07-03-15-01-33/img/image_518.png -12.516458 -1.023221 -0.205725 [438.835525, 341.837864]
/mnt/gpid07/users/morros/VFOA/TRAYECTORIAS2020_03_13/M2019-07-03-15-01-33/img/image_519.png -29.628505 2.603793 -0.101949 [438.835525, 341.837864]
/mnt/gpid07/users/morros/VFOA/TRAYECTORIAS2020_03_13/M2019-07-03-15-01-33/img/image_520.png -47.709044 3.257763 1.668696 [438.835525, 341.837864]
/mnt/gpid07/users/morros/VFOA/TRAYECTORIAS2020_03_13/M2019-07-03-15-01-33/img/image_521.png -60.730479 4.437597 2.001056 [438.835525, 341.837864]
/mnt/gpid07/users/morros/VFOA/TRAYECTORIAS2020_03_13/M2019-07-03-15-01-33/img/image_522.png -66.686742 2.894824 6.833432 [438.835525, 341.837864]
/mnt/gpid07/users/morros/VFOA/TRAYECTORIAS2020_03_13/M2019-07-03-15-01-33/img/image_523.png -71.662825 2.869170 6.729212 [438.835525, 341.837864]
/mnt/gpid07/users/morros/VFOA/TRAYECTORIAS2020_03_13/M2019-07-03-15-01-33/img/image_524.png -73.424010 6.042126 5.533065 [438.835525, 341.837864]
/mnt/gpid07/users/morros/VFOA/TRAYECTORIAS2020_03_13/M2019-07-03-15-01-33/img/image_525.png -76.010063 5.676389 4.345152 [438.835525, 341.837864]
/mnt/gpid07/users/morros/VFOA/TRAYECTORIAS2020_03_13/M2019-07-03-15-01-33/img/image_526.png -72.975945 5.342565 2.339765 [438.835525, 341.837864]
/mnt/gpid07/users/morros/VFOA/TRAYECTORIAS2020_03_13/M2019-07-03-15-01-33/img/image_527.png -68.559979 6.234093 6.039364 [438.835525, 341.837864]
/mnt/gpid07/users/morros/VFOA/TRAYECTORIAS2020_03_13/M2019-07-03-15-01-33/img/image_528.png -67.459678 6.003253 12.347879 [438.835525, 341.837864]
/mnt/gpid07/users/morros/VFOA/TRAYECTORIAS2020_03_13/M2019-07-03-15-01-33/img/image_529.png -70.048177 11.125830 11.116467 [438.835525, 341.837864]
/mnt/gpid07/users/morros/VFOA/TRAYECTORIAS2020_03_13/M2019-07-03-15-01-33/img/image_532.png -72.561447 12.266253 8.757919 [438.835525, 341.837864]
