/mnt/gpid07/users/morros/VFOA/TRAYECTORIAS2020_03_13/M2020-03-13-10-32-41/img/image_61.png -146.342758 -2.227334 1.336838 [550.0, 300.0]
/mnt/gpid07/users/morros/VFOA/TRAYECTORIAS2020_03_13/M2020-03-13-10-32-41/img/image_62.png -142.327675 -1.211416 1.617509 [542.689758, 318.577728]
/mnt/gpid07/users/morros/VFOA/TRAYECTORIAS2020_03_13/M2020-03-13-10-32-41/img/image_63.png -139.958734 -1.377494 -0.388547 [550.0, 300.0]
/mnt/gpid07/users/morros/VFOA/TRAYECTORIAS2020_03_13/M2020-03-13-10-32-41/img/image_64.png -135.194107 1.728121 -1.932861 [550.0, 300.0]
/mnt/gpid07/users/morros/VFOA/TRAYECTORIAS2020_03_13/M2020-03-13-10-32-41/img/image_65.png -134.372874 0.943007 -2.596291 [477.108368, 294.6297]
/mnt/gpid07/users/morros/VFOA/TRAYECTORIAS2020_03_13/M2020-03-13-10-32-41/img/image_66.png -131.600256 -1.328024 -3.007554 [447.343781, 276.562378]
/mnt/gpid07/users/morros/VFOA/TRAYECTORIAS2020_03_13/M2020-03-13-10-32-41/img/image_67.png -129.411904 -5.720760 -3.722529 [421.491547, 265.271973]
/mnt/gpid07/users/morros/VFOA/TRAYECTORIAS2020_03_13/M2020-03-13-10-32-41/img/image_68.png -126.500085 -11.586854 -3.779983 [395.927582, 262.999268]
/mnt/gpid07/users/morros/VFOA/TRAYECTORIAS2020_03_13/M2020-03-13-10-32-41/img/image_69.png -124.103832 -19.339030 -3.696516 [369.940125, 271.474884]
/mnt/gpid07/users/morros/VFOA/TRAYECTORIAS2020_03_13/M2020-03-13-10-32-41/img/image_70.png -122.535973 -26.170582 -4.740446 [343.656189, 293.496582]
/mnt/gpid07/users/morros/VFOA/TRAYECTORIAS2020_03_13/M2020-03-13-10-32-41/img/image_72.png -123.466337 -33.573893 -5.226311 [340.998221, 295.871135]
/mnt/gpid07/users/morros/VFOA/TRAYECTORIAS2020_03_13/M2020-03-13-10-32-41/img/image_73.png -122.815001 -35.467297 -6.137024 [295.332031, 342.11853]
/mnt/gpid07/users/morros/VFOA/TRAYECTORIAS2020_03_13/M2020-03-13-10-32-41/img/image_74.png -122.281403 -34.249977 -6.458159 [282.200592, 346.662506]
/mnt/gpid07/users/morros/VFOA/TRAYECTORIAS2020_03_13/M2020-03-13-10-32-41/img/image_75.png -122.122863 -29.859606 -5.739023 [272.933533, 345.079987]
/mnt/gpid07/users/morros/VFOA/TRAYECTORIAS2020_03_13/M2020-03-13-10-32-41/img/image_76.png -121.997992 -20.907808 -4.024535 [271.169006, 338.116638]
/mnt/gpid07/users/morros/VFOA/TRAYECTORIAS2020_03_13/M2020-03-13-10-32-41/img/image_77.png -122.702943 -10.731748 -2.134967 [276.686737, 327.554291]
/mnt/gpid07/users/morros/VFOA/TRAYECTORIAS2020_03_13/M2020-03-13-10-32-41/img/image_78.png -124.805314 -4.299991 -1.072136 [294.756195, 309.056641]
/mnt/gpid07/users/morros/VFOA/TRAYECTORIAS2020_03_13/M2020-03-13-10-32-41/img/image_79.png -128.198807 -1.014149 -0.704813 [308.777222, 290.474854]
/mnt/gpid07/users/morros/VFOA/TRAYECTORIAS2020_03_13/M2020-03-13-10-32-41/img/image_80.png -132.424465 0.452410 -0.690594 [316.097168, 279.329285]
/mnt/gpid07/users/morros/VFOA/TRAYECTORIAS2020_03_13/M2020-03-13-10-32-41/img/image_81.png -139.083647 -0.328801 -2.274866 [317.436523, 279.284729]
/mnt/gpid07/users/morros/VFOA/TRAYECTORIAS2020_03_13/M2020-03-13-10-32-41/img/image_82.png -150.209092 -3.209277 -4.625086 [309.228912, 291.881683]
/mnt/gpid07/users/morros/VFOA/TRAYECTORIAS2020_03_13/M2020-03-13-10-32-41/img/image_83.png -159.849421 -6.454583 -5.543651 [297.39801, 307.539917]
/mnt/gpid07/users/morros/VFOA/TRAYECTORIAS2020_03_13/M2020-03-13-10-32-41/img/image_84.png -166.035698 -8.026930 -5.852042 [283.875, 318.879669]
/mnt/gpid07/users/morros/VFOA/TRAYECTORIAS2020_03_13/M2020-03-13-10-32-41/img/image_85.png -171.635587 -11.954129 -6.398347 [270.00351, 320.058258]
/mnt/gpid07/users/morros/VFOA/TRAYECTORIAS2020_03_13/M2020-03-13-10-32-41/img/image_86.png -175.208576 -15.649030 -6.214455 [261.897491, 312.587982]
/mnt/gpid07/users/morros/VFOA/TRAYECTORIAS2020_03_13/M2020-03-13-10-32-41/img/image_87.png -175.990191 -19.024146 -6.030979 [252.806366, 302.085144]
/mnt/gpid07/users/morros/VFOA/TRAYECTORIAS2020_03_13/M2020-03-13-10-32-41/img/image_88.png -177.741060 -23.483067 -5.600214 [239.878342, 292.912201]
/mnt/gpid07/users/morros/VFOA/TRAYECTORIAS2020_03_13/M2020-03-13-10-32-41/img/image_89.png -178.334523 -27.093146 -5.358044 [228.951477, 282.606445]
/mnt/gpid07/users/morros/VFOA/TRAYECTORIAS2020_03_13/M2020-03-13-10-32-41/img/image_90.png -179.635020 -30.336127 -5.125688 [227.878802, 281.564542]
/mnt/gpid07/users/morros/VFOA/TRAYECTORIAS2020_03_13/M2020-03-13-10-32-41/img/image_91.png 179.754188 -33.080745 -5.228575 [227.870077, 281.55299]
/mnt/gpid07/users/morros/VFOA/TRAYECTORIAS2020_03_13/M2020-03-13-10-32-41/img/image_92.png 179.081644 -35.108532 -5.538665 [208.874603, 261.681458]
/mnt/gpid07/users/morros/VFOA/TRAYECTORIAS2020_03_13/M2020-03-13-10-32-41/img/image_93.png 178.944952 -36.441346 -5.857929 [206.411057, 254.294922]
/mnt/gpid07/users/morros/VFOA/TRAYECTORIAS2020_03_13/M2020-03-13-10-32-41/img/image_96.png -178.980799 -32.948746 -6.700846 [206.348282, 253.694301]
/mnt/gpid07/users/morros/VFOA/TRAYECTORIAS2020_03_13/M2020-03-13-10-32-41/img/image_99.png -173.077486 -13.150036 -6.296878 [224.802368, 252.000504]
/mnt/gpid07/users/morros/VFOA/TRAYECTORIAS2020_03_13/M2020-03-13-10-32-41/img/image_100.png -171.088793 -7.282954 -5.561955 [239.677734, 256.935913]
/mnt/gpid07/users/morros/VFOA/TRAYECTORIAS2020_03_13/M2020-03-13-10-32-41/img/image_101.png -169.571630 -4.184006 -4.991454 [256.624969, 261.931763]
/mnt/gpid07/users/morros/VFOA/TRAYECTORIAS2020_03_13/M2020-03-13-10-32-41/img/image_102.png -167.630111 -2.953158 -4.536622 [272.566772, 266.700623]
/mnt/gpid07/users/morros/VFOA/TRAYECTORIAS2020_03_13/M2020-03-13-10-32-41/img/image_103.png -162.032607 -1.531789 -3.656824 [279.717804, 268.275818]
/mnt/gpid07/users/morros/VFOA/TRAYECTORIAS2020_03_13/M2020-03-13-10-32-41/img/image_104.png -155.723003 -0.238029 -2.887477 [283.937653, 275.736755]
/mnt/gpid07/users/morros/VFOA/TRAYECTORIAS2020_03_13/M2020-03-13-10-32-41/img/image_105.png -145.556276 1.571832 -1.340796 [283.974243, 287.463623]
/mnt/gpid07/users/morros/VFOA/TRAYECTORIAS2020_03_13/M2020-03-13-10-32-41/img/image_106.png -132.251521 3.814826 0.612597 [283.483765, 304.383759]
/mnt/gpid07/users/morros/VFOA/TRAYECTORIAS2020_03_13/M2020-03-13-10-32-41/img/image_107.png -115.884061 5.381961 3.933440 [285.040222, 322.100342]
/mnt/gpid07/users/morros/VFOA/TRAYECTORIAS2020_03_13/M2020-03-13-10-32-41/img/image_108.png -102.522082 4.966092 4.333208 [288.070892, 337.258942]
/mnt/gpid07/users/morros/VFOA/TRAYECTORIAS2020_03_13/M2020-03-13-10-32-41/img/image_109.png -90.285109 5.827120 3.750611 [289.647766, 343.224792]
/mnt/gpid07/users/morros/VFOA/TRAYECTORIAS2020_03_13/M2020-03-13-10-32-41/img/image_110.png -79.498105 6.022771 1.893694 [289.790916, 343.72945]
/mnt/gpid07/users/morros/VFOA/TRAYECTORIAS2020_03_13/M2020-03-13-10-32-41/img/image_111.png -67.573305 6.078952 0.946000 [289.790893, 343.725304]
/mnt/gpid07/users/morros/VFOA/TRAYECTORIAS2020_03_13/M2020-03-13-10-32-41/img/image_112.png -58.789445 4.961992 -1.087059 [289.789459, 343.719801]
/mnt/gpid07/users/morros/VFOA/TRAYECTORIAS2020_03_13/M2020-03-13-10-32-41/img/image_113.png -55.316972 4.035986 -1.031190 [289.789302, 343.719237]
/mnt/gpid07/users/morros/VFOA/TRAYECTORIAS2020_03_13/M2020-03-13-10-32-41/img/image_114.png -52.529683 4.114961 0.711786 [251.393799, 273.231537]
/mnt/gpid07/users/morros/VFOA/TRAYECTORIAS2020_03_13/M2020-03-13-10-32-41/img/image_115.png -50.619189 3.751885 2.763925 [247.170295, 265.477895]
/mnt/gpid07/users/morros/VFOA/TRAYECTORIAS2020_03_13/M2020-03-13-10-32-41/img/image_116.png -45.667577 2.782710 3.885656 [289.754028, 267.729767]
/mnt/gpid07/users/morros/VFOA/TRAYECTORIAS2020_03_13/M2020-03-13-10-32-41/img/image_117.png -41.540977 1.888864 2.977666 [320.779572, 274.744385]
/mnt/gpid07/users/morros/VFOA/TRAYECTORIAS2020_03_13/M2020-03-13-10-32-41/img/image_118.png -38.031880 -1.214136 2.170350 [350.270874, 282.207489]
/mnt/gpid07/users/morros/VFOA/TRAYECTORIAS2020_03_13/M2020-03-13-10-32-41/img/image_119.png -32.957078 -3.957617 3.015708 [373.33313, 287.977203]
/mnt/gpid07/users/morros/VFOA/TRAYECTORIAS2020_03_13/M2020-03-13-10-32-41/img/image_120.png -25.335213 -8.447953 2.305528 [385.3974, 289.723572]
/mnt/gpid07/users/morros/VFOA/TRAYECTORIAS2020_03_13/M2020-03-13-10-32-41/img/image_121.png -19.178200 -12.336204 -1.139622 [394.214417, 300.059052]
/mnt/gpid07/users/morros/VFOA/TRAYECTORIAS2020_03_13/M2020-03-13-10-32-41/img/image_122.png -15.330924 -19.604896 -3.087781 [395.798645, 312.767761]
/mnt/gpid07/users/morros/VFOA/TRAYECTORIAS2020_03_13/M2020-03-13-10-32-41/img/image_123.png -8.076337 -21.727221 -4.259365 [405.033295, 322.158203]
/mnt/gpid07/users/morros/VFOA/TRAYECTORIAS2020_03_13/M2020-03-13-10-32-41/img/image_124.png -7.187668 -24.499345 -3.140919 [414.376617, 322.793793]
/mnt/gpid07/users/morros/VFOA/TRAYECTORIAS2020_03_13/M2020-03-13-10-32-41/img/image_125.png -8.666752 -26.497789 -1.960399 [415.312036, 322.769803]
/mnt/gpid07/users/morros/VFOA/TRAYECTORIAS2020_03_13/M2020-03-13-10-32-41/img/image_126.png -11.774518 -30.721374 -2.300366 [444.970093, 312.107422]
/mnt/gpid07/users/morros/VFOA/TRAYECTORIAS2020_03_13/M2020-03-13-10-32-41/img/image_127.png -13.071188 -34.431170 -3.461938 [471.891907, 308.813721]
/mnt/gpid07/users/morros/VFOA/TRAYECTORIAS2020_03_13/M2020-03-13-10-32-41/img/image_133.png -29.502346 -34.401140 -7.502499 [474.553682, 308.566225]
/mnt/gpid07/users/morros/VFOA/TRAYECTORIAS2020_03_13/M2020-03-13-10-32-41/img/image_135.png -51.767622 -29.287498 -6.340638 [442.035858, 335.052948]
/mnt/gpid07/users/morros/VFOA/TRAYECTORIAS2020_03_13/M2020-03-13-10-32-41/img/image_137.png -75.306875 -27.676672 -5.926188 [400.646881, 331.953461]
/mnt/gpid07/users/morros/VFOA/TRAYECTORIAS2020_03_13/M2020-03-13-10-32-41/img/image_138.png -86.216387 -27.377416 -4.305542 [396.699219, 330.215088]
/mnt/gpid07/users/morros/VFOA/TRAYECTORIAS2020_03_13/M2020-03-13-10-32-41/img/image_139.png -92.046496 -26.498867 -4.623826 [386.987427, 328.373993]
/mnt/gpid07/users/morros/VFOA/TRAYECTORIAS2020_03_13/M2020-03-13-10-32-41/img/image_140.png -97.285018 -24.332308 -5.843332 [365.270386, 320.775604]
/mnt/gpid07/users/morros/VFOA/TRAYECTORIAS2020_03_13/M2020-03-13-10-32-41/img/image_142.png -105.168997 -24.525555 -6.810247 [362.943706, 319.944261]
/mnt/gpid07/users/morros/VFOA/TRAYECTORIAS2020_03_13/M2020-03-13-10-32-41/img/image_143.png -108.733244 -27.110665 -8.194357 [362.962782, 319.950903]
/mnt/gpid07/users/morros/VFOA/TRAYECTORIAS2020_03_13/M2020-03-13-10-32-41/img/image_144.png -112.652427 -31.821119 -8.566446 [362.96523, 319.951773]
/mnt/gpid07/users/morros/VFOA/TRAYECTORIAS2020_03_13/M2020-03-13-10-32-41/img/image_145.png -114.988633 -35.436578 -8.614229 [362.965308, 319.951802]
/mnt/gpid07/users/morros/VFOA/TRAYECTORIAS2020_03_13/M2020-03-13-10-32-41/img/image_146.png -118.886944 -38.230632 -8.125178 [362.965293, 319.951796]
/mnt/gpid07/users/morros/VFOA/TRAYECTORIAS2020_03_13/M2020-03-13-10-32-41/img/image_147.png -120.996201 -38.769347 -7.909811 [362.96529, 319.951795]
/mnt/gpid07/users/morros/VFOA/TRAYECTORIAS2020_03_13/M2020-03-13-10-32-41/img/image_148.png -123.282107 -38.524013 -7.973723 [362.96529, 319.951795]
/mnt/gpid07/users/morros/VFOA/TRAYECTORIAS2020_03_13/M2020-03-13-10-32-41/img/image_149.png -127.202600 -34.614428 -6.745884 [362.96529, 319.951795]
/mnt/gpid07/users/morros/VFOA/TRAYECTORIAS2020_03_13/M2020-03-13-10-32-41/img/image_150.png -132.342426 -29.554058 -5.080553 [362.96529, 319.951795]
/mnt/gpid07/users/morros/VFOA/TRAYECTORIAS2020_03_13/M2020-03-13-10-32-41/img/image_151.png -140.502497 -24.080972 -2.986374 [362.96529, 319.951795]
/mnt/gpid07/users/morros/VFOA/TRAYECTORIAS2020_03_13/M2020-03-13-10-32-41/img/image_152.png -149.066388 -16.692103 -1.950470 [362.96529, 319.951795]
/mnt/gpid07/users/morros/VFOA/TRAYECTORIAS2020_03_13/M2020-03-13-10-32-41/img/image_153.png -155.208888 -12.866503 -3.004392 [267.109314, 326.571625]
/mnt/gpid07/users/morros/VFOA/TRAYECTORIAS2020_03_13/M2020-03-13-10-32-41/img/image_154.png -160.885273 -12.090218 -5.197942 [278.229401, 310.35434]
/mnt/gpid07/users/morros/VFOA/TRAYECTORIAS2020_03_13/M2020-03-13-10-32-41/img/image_155.png -165.436417 -14.565005 -7.538622 [279.879761, 288.708679]
/mnt/gpid07/users/morros/VFOA/TRAYECTORIAS2020_03_13/M2020-03-13-10-32-41/img/image_156.png -170.546609 -19.302758 -9.502560 [279.989624, 266.319]
/mnt/gpid07/users/morros/VFOA/TRAYECTORIAS2020_03_13/M2020-03-13-10-32-41/img/image_157.png -172.957154 -24.228233 -10.306909 [265.147827, 246.38414]
/mnt/gpid07/users/morros/VFOA/TRAYECTORIAS2020_03_13/M2020-03-13-10-32-41/img/image_158.png -176.661962 -29.653965 -10.227936 [249.775406, 230.223083]
/mnt/gpid07/users/morros/VFOA/TRAYECTORIAS2020_03_13/M2020-03-13-10-32-41/img/image_159.png -175.599326 -33.337831 -10.733580 [248.232858, 228.644716]
/mnt/gpid07/users/morros/VFOA/TRAYECTORIAS2020_03_13/M2020-03-13-10-32-41/img/image_164.png -167.619980 -31.425501 -8.062048 [197.303925, 232.820511]
/mnt/gpid07/users/morros/VFOA/TRAYECTORIAS2020_03_13/M2020-03-13-10-32-41/img/image_166.png -142.450762 -29.227106 -6.996378 [192.599091, 271.096985]
/mnt/gpid07/users/morros/VFOA/TRAYECTORIAS2020_03_13/M2020-03-13-10-32-41/img/image_167.png -130.039735 -30.713476 -8.041422 [200.318375, 281.104248]
/mnt/gpid07/users/morros/VFOA/TRAYECTORIAS2020_03_13/M2020-03-13-10-32-41/img/image_168.png -122.257309 -32.228497 -8.278741 [208.998978, 284.163513]
/mnt/gpid07/users/morros/VFOA/TRAYECTORIAS2020_03_13/M2020-03-13-10-32-41/img/image_169.png -117.407586 -33.920028 -7.212881 [218.583374, 288.131378]
/mnt/gpid07/users/morros/VFOA/TRAYECTORIAS2020_03_13/M2020-03-13-10-32-41/img/image_170.png -111.256578 -35.772567 -8.024332 [219.550852, 288.537251]
/mnt/gpid07/users/morros/VFOA/TRAYECTORIAS2020_03_13/M2020-03-13-10-32-41/img/image_171.png -110.909408 -35.922043 -7.383331 [224.165466, 316.921753]
/mnt/gpid07/users/morros/VFOA/TRAYECTORIAS2020_03_13/M2020-03-13-10-32-41/img/image_172.png -111.801087 -32.957081 -5.126890 [224.663399, 320.039989]
/mnt/gpid07/users/morros/VFOA/TRAYECTORIAS2020_03_13/M2020-03-13-10-32-41/img/image_173.png -107.895905 -30.281828 -5.806470 [224.672026, 320.09915]
/mnt/gpid07/users/morros/VFOA/TRAYECTORIAS2020_03_13/M2020-03-13-10-32-41/img/image_174.png -101.968691 -29.074439 -7.736996 [241.843445, 350.01355]
/mnt/gpid07/users/morros/VFOA/TRAYECTORIAS2020_03_13/M2020-03-13-10-32-41/img/image_175.png -93.219460 -27.898616 -9.588470 [243.732215, 353.303542]
/mnt/gpid07/users/morros/VFOA/TRAYECTORIAS2020_03_13/M2020-03-13-10-32-41/img/image_176.png -82.303574 -27.410335 -11.295854 [246.022629, 340.227722]
/mnt/gpid07/users/morros/VFOA/TRAYECTORIAS2020_03_13/M2020-03-13-10-32-41/img/image_177.png -71.544685 -29.104650 -12.831860 [249.814606, 336.599823]
/mnt/gpid07/users/morros/VFOA/TRAYECTORIAS2020_03_13/M2020-03-13-10-32-41/img/image_178.png -62.580507 -28.008053 -10.730858 [261.781158, 335.220764]
/mnt/gpid07/users/morros/VFOA/TRAYECTORIAS2020_03_13/M2020-03-13-10-32-41/img/image_179.png -53.248357 -27.450370 -8.859817 [286.610046, 336.680847]
/mnt/gpid07/users/morros/VFOA/TRAYECTORIAS2020_03_13/M2020-03-13-10-32-41/img/image_180.png -46.070942 -29.761399 -7.780051 [321.2742, 333.153259]
/mnt/gpid07/users/morros/VFOA/TRAYECTORIAS2020_03_13/M2020-03-13-10-32-41/img/image_181.png -36.324063 -31.739979 -7.606140 [363.03949, 332.83316]
/mnt/gpid07/users/morros/VFOA/TRAYECTORIAS2020_03_13/M2020-03-13-10-32-41/img/image_182.png -28.352595 -34.010622 -7.827184 [409.438141, 335.592072]
/mnt/gpid07/users/morros/VFOA/TRAYECTORIAS2020_03_13/M2020-03-13-10-32-41/img/image_192.png -46.741613 -31.429010 -5.513817 [482.246094, 334.479065]
/mnt/gpid07/users/morros/VFOA/TRAYECTORIAS2020_03_13/M2020-03-13-10-32-41/img/image_193.png -56.911493 -27.654106 -6.293076 [452.17334, 330.698517]
/mnt/gpid07/users/morros/VFOA/TRAYECTORIAS2020_03_13/M2020-03-13-10-32-41/img/image_194.png -65.343717 -25.213356 -6.876860 [448.184171, 330.296888]
/mnt/gpid07/users/morros/VFOA/TRAYECTORIAS2020_03_13/M2020-03-13-10-32-41/img/image_195.png -75.165338 -24.156806 -6.937602 [384.30069, 311.884644]
/mnt/gpid07/users/morros/VFOA/TRAYECTORIAS2020_03_13/M2020-03-13-10-32-41/img/image_196.png -84.777822 -25.448626 -6.261376 [350.205078, 311.883789]
/mnt/gpid07/users/morros/VFOA/TRAYECTORIAS2020_03_13/M2020-03-13-10-32-41/img/image_197.png -92.171937 -27.243089 -7.294507 [318.66156, 314.462891]
/mnt/gpid07/users/morros/VFOA/TRAYECTORIAS2020_03_13/M2020-03-13-10-32-41/img/image_198.png -101.136358 -27.901758 -8.019036 [315.532729, 314.7466]
/mnt/gpid07/users/morros/VFOA/TRAYECTORIAS2020_03_13/M2020-03-13-10-32-41/img/image_199.png -112.543868 -28.372384 -5.370103 [315.503993, 314.752017]
/mnt/gpid07/users/morros/VFOA/TRAYECTORIAS2020_03_13/M2020-03-13-10-32-41/img/image_200.png -119.935945 -29.593888 -4.541824 [272.057465, 336.557159]
/mnt/gpid07/users/morros/VFOA/TRAYECTORIAS2020_03_13/M2020-03-13-10-32-41/img/image_201.png -128.669236 -30.030483 -3.111974 [267.278634, 338.955671]
/mnt/gpid07/users/morros/VFOA/TRAYECTORIAS2020_03_13/M2020-03-13-10-32-41/img/image_202.png -131.426653 -31.400614 -3.352874 [257.108521, 346.174194]
/mnt/gpid07/users/morros/VFOA/TRAYECTORIAS2020_03_13/M2020-03-13-10-32-41/img/image_203.png -132.147562 -32.068745 -4.032907 [248.570129, 344.296234]
/mnt/gpid07/users/morros/VFOA/TRAYECTORIAS2020_03_13/M2020-03-13-10-32-41/img/image_204.png -131.575560 -32.594134 -4.914171 [240.069885, 339.15979]
/mnt/gpid07/users/morros/VFOA/TRAYECTORIAS2020_03_13/M2020-03-13-10-32-41/img/image_205.png -133.937860 -31.697358 -5.878903 [230.112518, 334.620178]
/mnt/gpid07/users/morros/VFOA/TRAYECTORIAS2020_03_13/M2020-03-13-10-32-41/img/image_206.png -141.141579 -30.658078 -6.350259 [226.102676, 318.996124]
/mnt/gpid07/users/morros/VFOA/TRAYECTORIAS2020_03_13/M2020-03-13-10-32-41/img/image_207.png -152.382570 -29.759669 -6.240231 [216.910416, 298.133026]
/mnt/gpid07/users/morros/VFOA/TRAYECTORIAS2020_03_13/M2020-03-13-10-32-41/img/image_208.png -163.492789 -29.738954 -6.304623 [215.939365, 295.994326]
/mnt/gpid07/users/morros/VFOA/TRAYECTORIAS2020_03_13/M2020-03-13-10-32-41/img/image_209.png -175.736421 -30.612499 -6.023152 [215.924472, 295.9677]
/mnt/gpid07/users/morros/VFOA/TRAYECTORIAS2020_03_13/M2020-03-13-10-32-41/img/image_212.png 146.717618 -26.984003 -5.392640 [215.933615, 295.988523]
/mnt/gpid07/users/morros/VFOA/TRAYECTORIAS2020_03_13/M2020-03-13-10-32-41/img/image_213.png 133.227859 -23.888809 -5.414700 [212.817825, 242.018951]
/mnt/gpid07/users/morros/VFOA/TRAYECTORIAS2020_03_13/M2020-03-13-10-32-41/img/image_214.png 122.561849 -21.505932 -5.467786 [240.101227, 244.267853]
/mnt/gpid07/users/morros/VFOA/TRAYECTORIAS2020_03_13/M2020-03-13-10-32-41/img/image_215.png 114.451918 -21.217526 -6.048463 [270.892944, 244.346756]
/mnt/gpid07/users/morros/VFOA/TRAYECTORIAS2020_03_13/M2020-03-13-10-32-41/img/image_216.png 110.201619 -12.867083 -4.157101 [305.657043, 243.211685]
/mnt/gpid07/users/morros/VFOA/TRAYECTORIAS2020_03_13/M2020-03-13-10-32-41/img/image_217.png 104.665025 -7.971349 -3.115438 [331.058197, 249.351517]
/mnt/gpid07/users/morros/VFOA/TRAYECTORIAS2020_03_13/M2020-03-13-10-32-41/img/image_218.png 93.124708 -6.627595 -4.477760 [346.649323, 255.977539]
/mnt/gpid07/users/morros/VFOA/TRAYECTORIAS2020_03_13/M2020-03-13-10-32-41/img/image_219.png 79.544709 -5.897118 -4.906296 [348.110335, 256.645003]
/mnt/gpid07/users/morros/VFOA/TRAYECTORIAS2020_03_13/M2020-03-13-10-32-41/img/image_220.png 66.338212 -5.784425 -5.594134 [348.115135, 256.652164]
/mnt/gpid07/users/morros/VFOA/TRAYECTORIAS2020_03_13/M2020-03-13-10-32-41/img/image_221.png 60.457969 -5.003250 -6.402424 [348.101053, 256.646277]
/mnt/gpid07/users/morros/VFOA/TRAYECTORIAS2020_03_13/M2020-03-13-10-32-41/img/image_222.png 56.636066 -2.441643 -6.470179 [381.804779, 225.749008]
/mnt/gpid07/users/morros/VFOA/TRAYECTORIAS2020_03_13/M2020-03-13-10-32-41/img/image_223.png 51.972030 1.850451 -5.923512 [406.486053, 232.970871]
/mnt/gpid07/users/morros/VFOA/TRAYECTORIAS2020_03_13/M2020-03-13-10-32-41/img/image_224.png 47.357843 0.657439 -4.775007 [432.294312, 245.461075]
/mnt/gpid07/users/morros/VFOA/TRAYECTORIAS2020_03_13/M2020-03-13-10-32-41/img/image_225.png 41.774453 -0.807226 -3.956967 [456.722778, 258.639069]
/mnt/gpid07/users/morros/VFOA/TRAYECTORIAS2020_03_13/M2020-03-13-10-32-41/img/image_226.png 38.359096 -1.063370 -2.930270 [473.686981, 265.031158]
/mnt/gpid07/users/morros/VFOA/TRAYECTORIAS2020_03_13/M2020-03-13-10-32-41/img/image_227.png 34.363537 -1.965026 -2.611080 [492.555328, 263.84848]
/mnt/gpid07/users/morros/VFOA/TRAYECTORIAS2020_03_13/M2020-03-13-10-32-41/img/image_228.png 33.882475 0.753905 -0.944162 [512.265137, 251.672287]
/mnt/gpid07/users/morros/VFOA/TRAYECTORIAS2020_03_13/M2020-03-13-10-32-41/img/image_229.png 34.036849 0.177554 -0.959765 [525.064819, 236.076813]
/mnt/gpid07/users/morros/VFOA/TRAYECTORIAS2020_03_13/M2020-03-13-10-32-41/img/image_230.png 31.715144 -0.001984 -0.752837 [550.589966, 225.968628]
