/mnt/gpid07/users/morros/VFOA/TRAYECTORIAS2020_03_13/M2020-03-13-10-28-05/img/image_73.png -159.349890 -1.512462 -2.692812 [572.661621, 245.694931]
/mnt/gpid07/users/morros/VFOA/TRAYECTORIAS2020_03_13/M2020-03-13-10-28-05/img/image_74.png -161.565019 -1.249658 -3.614265 [538.707825, 258.291595]
/mnt/gpid07/users/morros/VFOA/TRAYECTORIAS2020_03_13/M2020-03-13-10-28-05/img/image_75.png -164.428398 -1.721772 -3.723362 [506.176361, 266.413849]
/mnt/gpid07/users/morros/VFOA/TRAYECTORIAS2020_03_13/M2020-03-13-10-28-05/img/image_76.png -164.824907 -2.289301 -4.076640 [481.966217, 266.470947]
/mnt/gpid07/users/morros/VFOA/TRAYECTORIAS2020_03_13/M2020-03-13-10-28-05/img/image_77.png -163.814931 -0.218875 -4.410387 [459.41983, 259.746094]
/mnt/gpid07/users/morros/VFOA/TRAYECTORIAS2020_03_13/M2020-03-13-10-28-05/img/image_78.png -164.026181 1.573272 -3.601187 [438.799896, 246.000137]
/mnt/gpid07/users/morros/VFOA/TRAYECTORIAS2020_03_13/M2020-03-13-10-28-05/img/image_79.png -164.364741 0.192862 -2.494564 [419.552734, 229.91127]
/mnt/gpid07/users/morros/VFOA/TRAYECTORIAS2020_03_13/M2020-03-13-10-28-05/img/image_80.png -165.704199 -1.557751 -3.257843 [401.318573, 217.438263]
/mnt/gpid07/users/morros/VFOA/TRAYECTORIAS2020_03_13/M2020-03-13-10-28-05/img/image_81.png -166.734853 -2.613293 -3.541084 [381.256012, 207.015549]
/mnt/gpid07/users/morros/VFOA/TRAYECTORIAS2020_03_13/M2020-03-13-10-28-05/img/image_82.png -168.542939 -3.500813 -3.254633 [364.779388, 203.745407]
/mnt/gpid07/users/morros/VFOA/TRAYECTORIAS2020_03_13/M2020-03-13-10-28-05/img/image_83.png -160.850996 -1.928612 -1.504659 [349.750702, 213.056427]
/mnt/gpid07/users/morros/VFOA/TRAYECTORIAS2020_03_13/M2020-03-13-10-28-05/img/image_84.png -145.102679 -0.975019 -0.118190 [331.246735, 230.236954]
/mnt/gpid07/users/morros/VFOA/TRAYECTORIAS2020_03_13/M2020-03-13-10-28-05/img/image_85.png -133.080705 -3.322344 -1.000021 [315.742432, 247.095062]
/mnt/gpid07/users/morros/VFOA/TRAYECTORIAS2020_03_13/M2020-03-13-10-28-05/img/image_86.png -121.513674 -5.960939 -1.950011 [303.227966, 262.532806]
/mnt/gpid07/users/morros/VFOA/TRAYECTORIAS2020_03_13/M2020-03-13-10-28-05/img/image_87.png -110.170281 -8.099854 -2.695404 [293.022675, 273.770386]
/mnt/gpid07/users/morros/VFOA/TRAYECTORIAS2020_03_13/M2020-03-13-10-28-05/img/image_88.png -107.563640 -11.400939 -3.946369 [292.025237, 274.852142]
/mnt/gpid07/users/morros/VFOA/TRAYECTORIAS2020_03_13/M2020-03-13-10-28-05/img/image_89.png -108.137655 -13.700270 -3.440874 [270.960968, 277.979462]
/mnt/gpid07/users/morros/VFOA/TRAYECTORIAS2020_03_13/M2020-03-13-10-28-05/img/image_90.png -109.757423 -20.368243 -4.592714 [259.988617, 278.784271]
/mnt/gpid07/users/morros/VFOA/TRAYECTORIAS2020_03_13/M2020-03-13-10-28-05/img/image_91.png -111.808562 -27.411229 -5.361281 [243.575043, 287.009491]
/mnt/gpid07/users/morros/VFOA/TRAYECTORIAS2020_03_13/M2020-03-13-10-28-05/img/image_92.png -112.706552 -33.667867 -5.994936 [228.260666, 298.489838]
/mnt/gpid07/users/morros/VFOA/TRAYECTORIAS2020_03_13/M2020-03-13-10-28-05/img/image_93.png -114.200622 -37.017498 -5.129926 [219.886383, 307.227539]
/mnt/gpid07/users/morros/VFOA/TRAYECTORIAS2020_03_13/M2020-03-13-10-28-05/img/image_94.png -113.431119 -35.787965 -5.498961 [219.118356, 308.073883]
/mnt/gpid07/users/morros/VFOA/TRAYECTORIAS2020_03_13/M2020-03-13-10-28-05/img/image_95.png -110.634072 -28.124919 -4.817853 [219.335114, 313.908203]
/mnt/gpid07/users/morros/VFOA/TRAYECTORIAS2020_03_13/M2020-03-13-10-28-05/img/image_96.png -106.895501 -16.733458 -4.592950 [230.863525, 304.54361]
/mnt/gpid07/users/morros/VFOA/TRAYECTORIAS2020_03_13/M2020-03-13-10-28-05/img/image_97.png -102.376439 -8.723728 -5.592577 [232.129483, 303.455161]
/mnt/gpid07/users/morros/VFOA/TRAYECTORIAS2020_03_13/M2020-03-13-10-28-05/img/image_98.png -95.664186 -2.878144 -4.345518 [232.153454, 303.429078]
/mnt/gpid07/users/morros/VFOA/TRAYECTORIAS2020_03_13/M2020-03-13-10-28-05/img/image_99.png -89.343480 -0.221302 -3.595994 [232.143432, 303.437093]
/mnt/gpid07/users/morros/VFOA/TRAYECTORIAS2020_03_13/M2020-03-13-10-28-05/img/image_100.png -84.085095 -2.197726 -4.837312 [232.142089, 303.438236]
/mnt/gpid07/users/morros/VFOA/TRAYECTORIAS2020_03_13/M2020-03-13-10-28-05/img/image_101.png -77.710713 -2.779494 -4.822155 [232.142042, 303.438281]
/mnt/gpid07/users/morros/VFOA/TRAYECTORIAS2020_03_13/M2020-03-13-10-28-05/img/image_102.png -70.962060 -2.280516 -3.575524 [232.14205, 303.438275]
/mnt/gpid07/users/morros/VFOA/TRAYECTORIAS2020_03_13/M2020-03-13-10-28-05/img/image_103.png -64.114557 -0.548722 -2.464048 [288.401306, 264.074493]
/mnt/gpid07/users/morros/VFOA/TRAYECTORIAS2020_03_13/M2020-03-13-10-28-05/img/image_104.png -60.531510 -0.489311 -2.133029 [301.569672, 272.909241]
/mnt/gpid07/users/morros/VFOA/TRAYECTORIAS2020_03_13/M2020-03-13-10-28-05/img/image_105.png -57.263105 -0.026772 -1.566276 [309.841766, 279.137482]
/mnt/gpid07/users/morros/VFOA/TRAYECTORIAS2020_03_13/M2020-03-13-10-28-05/img/image_106.png -56.130368 -0.647582 -1.393739 [316.706085, 283.160156]
/mnt/gpid07/users/morros/VFOA/TRAYECTORIAS2020_03_13/M2020-03-13-10-28-05/img/image_107.png -55.091866 -2.916006 -0.647800 [326.3526, 294.530304]
/mnt/gpid07/users/morros/VFOA/TRAYECTORIAS2020_03_13/M2020-03-13-10-28-05/img/image_108.png -53.089440 -4.010749 -0.547015 [332.647949, 296.410797]
/mnt/gpid07/users/morros/VFOA/TRAYECTORIAS2020_03_13/M2020-03-13-10-28-05/img/image_109.png -51.031262 -3.637120 -0.957509 [333.967712, 302.035736]
/mnt/gpid07/users/morros/VFOA/TRAYECTORIAS2020_03_13/M2020-03-13-10-28-05/img/image_110.png -48.661725 -2.518071 -1.044826 [328.503143, 301.140564]
/mnt/gpid07/users/morros/VFOA/TRAYECTORIAS2020_03_13/M2020-03-13-10-28-05/img/image_111.png -49.309853 -3.224096 -1.104636 [321.300201, 301.034729]
/mnt/gpid07/users/morros/VFOA/TRAYECTORIAS2020_03_13/M2020-03-13-10-28-05/img/image_112.png -46.658141 -4.312966 -1.658163 [311.849884, 296.931488]
/mnt/gpid07/users/morros/VFOA/TRAYECTORIAS2020_03_13/M2020-03-13-10-28-05/img/image_113.png -38.951214 -7.199323 -2.548162 [307.329163, 309.665405]
/mnt/gpid07/users/morros/VFOA/TRAYECTORIAS2020_03_13/M2020-03-13-10-28-05/img/image_114.png -27.800203 -13.728171 -5.402821 [303.236542, 313.835052]
/mnt/gpid07/users/morros/VFOA/TRAYECTORIAS2020_03_13/M2020-03-13-10-28-05/img/image_115.png -22.823733 -18.307908 -4.983584 [308.251923, 322.546509]
/mnt/gpid07/users/morros/VFOA/TRAYECTORIAS2020_03_13/M2020-03-13-10-28-05/img/image_116.png -19.855666 -20.513469 -3.094815 [308.844541, 323.463073]
/mnt/gpid07/users/morros/VFOA/TRAYECTORIAS2020_03_13/M2020-03-13-10-28-05/img/image_117.png -17.926169 -23.726043 -3.455320 [364.667603, 324.300079]
/mnt/gpid07/users/morros/VFOA/TRAYECTORIAS2020_03_13/M2020-03-13-10-28-05/img/image_118.png -15.140918 -26.811876 -3.952401 [405.642456, 330.630005]
/mnt/gpid07/users/morros/VFOA/TRAYECTORIAS2020_03_13/M2020-03-13-10-28-05/img/image_119.png -13.535416 -32.128308 -4.992462 [409.591459, 331.317927]
/mnt/gpid07/users/morros/VFOA/TRAYECTORIAS2020_03_13/M2020-03-13-10-28-05/img/image_120.png -14.613670 -38.290854 -4.160001 [409.616101, 331.330299]
/mnt/gpid07/users/morros/VFOA/TRAYECTORIAS2020_03_13/M2020-03-13-10-28-05/img/image_121.png -12.177023 -40.461169 -5.078877 [491.323334, 349.741882]
/mnt/gpid07/users/morros/VFOA/TRAYECTORIAS2020_03_13/M2020-03-13-10-28-05/img/image_122.png -10.959152 -40.885596 -6.513277 [499.354279, 358.376434]
/mnt/gpid07/users/morros/VFOA/TRAYECTORIAS2020_03_13/M2020-03-13-10-28-05/img/image_125.png -11.838664 -43.863784 -6.326962 [495.335175, 369.635284]
/mnt/gpid07/users/morros/VFOA/TRAYECTORIAS2020_03_13/M2020-03-13-10-28-05/img/image_128.png -16.268388 -15.263275 -4.012987 [494.889681, 370.802709]
/mnt/gpid07/users/morros/VFOA/TRAYECTORIAS2020_03_13/M2020-03-13-10-28-05/img/image_129.png -17.170034 -8.220718 -3.970762 [448.307098, 353.495911]
/mnt/gpid07/users/morros/VFOA/TRAYECTORIAS2020_03_13/M2020-03-13-10-28-05/img/image_130.png -10.949120 -4.380218 -3.447380 [423.621887, 339.247375]
/mnt/gpid07/users/morros/VFOA/TRAYECTORIAS2020_03_13/M2020-03-13-10-28-05/img/image_131.png 1.422421 -3.202729 -2.705691 [417.084412, 336.379028]
/mnt/gpid07/users/morros/VFOA/TRAYECTORIAS2020_03_13/M2020-03-13-10-28-05/img/image_132.png 13.254866 -3.270797 -3.119643 [413.494446, 333.45108]
/mnt/gpid07/users/morros/VFOA/TRAYECTORIAS2020_03_13/M2020-03-13-10-28-05/img/image_133.png 21.186274 -3.952969 -4.120896 [417.963074, 334.427124]
/mnt/gpid07/users/morros/VFOA/TRAYECTORIAS2020_03_13/M2020-03-13-10-28-05/img/image_134.png 23.594196 -2.466103 -1.993894 [422.354462, 326.634399]
/mnt/gpid07/users/morros/VFOA/TRAYECTORIAS2020_03_13/M2020-03-13-10-28-05/img/image_135.png 24.640814 -1.836491 -0.814167 [435.334381, 309.368347]
/mnt/gpid07/users/morros/VFOA/TRAYECTORIAS2020_03_13/M2020-03-13-10-28-05/img/image_136.png 24.348876 -3.083766 -1.638323 [451.49588, 289.149109]
/mnt/gpid07/users/morros/VFOA/TRAYECTORIAS2020_03_13/M2020-03-13-10-28-05/img/image_137.png 25.437302 -4.779954 -1.894274 [470.975555, 275.47644]
/mnt/gpid07/users/morros/VFOA/TRAYECTORIAS2020_03_13/M2020-03-13-10-28-05/img/image_138.png 29.019664 -5.363549 -1.646253 [484.700287, 265.949127]
/mnt/gpid07/users/morros/VFOA/TRAYECTORIAS2020_03_13/M2020-03-13-10-28-05/img/image_139.png 32.375304 -5.737280 -1.938011 [492.732178, 265.305603]
/mnt/gpid07/users/morros/VFOA/TRAYECTORIAS2020_03_13/M2020-03-13-10-28-05/img/image_140.png 33.830917 -4.379644 -2.417346 [493.225647, 272.014984]
/mnt/gpid07/users/morros/VFOA/TRAYECTORIAS2020_03_13/M2020-03-13-10-28-05/img/image_141.png 33.714393 -3.978922 -2.479905 [498.022125, 285.315979]
/mnt/gpid07/users/morros/VFOA/TRAYECTORIAS2020_03_13/M2020-03-13-10-28-05/img/image_142.png 32.793586 -3.931796 -2.436523 [494.487762, 294.842255]
/mnt/gpid07/users/morros/VFOA/TRAYECTORIAS2020_03_13/M2020-03-13-10-28-05/img/image_143.png 31.141357 -5.170095 -2.905358 [492.933075, 303.878937]
/mnt/gpid07/users/morros/VFOA/TRAYECTORIAS2020_03_13/M2020-03-13-10-28-05/img/image_144.png 30.715339 -5.593984 -3.145456 [496.18866, 312.384857]
/mnt/gpid07/users/morros/VFOA/TRAYECTORIAS2020_03_13/M2020-03-13-10-28-05/img/image_145.png 30.098380 -5.695338 -3.481540 [495.705048, 319.859436]
/mnt/gpid07/users/morros/VFOA/TRAYECTORIAS2020_03_13/M2020-03-13-10-28-05/img/image_146.png 29.399445 -6.241742 -4.027124 [488.517334, 323.141205]
/mnt/gpid07/users/morros/VFOA/TRAYECTORIAS2020_03_13/M2020-03-13-10-28-05/img/image_147.png 29.179027 -6.663410 -4.746799 [485.582458, 329.561768]
/mnt/gpid07/users/morros/VFOA/TRAYECTORIAS2020_03_13/M2020-03-13-10-28-05/img/image_148.png 29.003477 -7.421904 -6.803213 [479.343872, 332.993347]
/mnt/gpid07/users/morros/VFOA/TRAYECTORIAS2020_03_13/M2020-03-13-10-28-05/img/image_149.png 29.214411 -7.385094 -9.721418 [482.889465, 339.662384]
/mnt/gpid07/users/morros/VFOA/TRAYECTORIAS2020_03_13/M2020-03-13-10-28-05/img/image_150.png 28.356182 -6.826972 -10.836099 [477.057648, 335.736359]
/mnt/gpid07/users/morros/VFOA/TRAYECTORIAS2020_03_13/M2020-03-13-10-28-05/img/image_151.png 27.943183 -7.409732 -10.251805 [471.340668, 320.53653]
/mnt/gpid07/users/morros/VFOA/TRAYECTORIAS2020_03_13/M2020-03-13-10-28-05/img/image_152.png 25.959018 -8.049765 -8.298855 [463.635376, 297.108582]
/mnt/gpid07/users/morros/VFOA/TRAYECTORIAS2020_03_13/M2020-03-13-10-28-05/img/image_153.png 22.254013 -9.600221 -7.148412 [462.844964, 294.683506]
/mnt/gpid07/users/morros/VFOA/TRAYECTORIAS2020_03_13/M2020-03-13-10-28-05/img/image_154.png 16.220249 -9.393531 -6.413781 [461.329681, 271.362183]
/mnt/gpid07/users/morros/VFOA/TRAYECTORIAS2020_03_13/M2020-03-13-10-28-05/img/image_155.png 9.820124 -7.456411 -5.901618 [442.855957, 265.431671]
/mnt/gpid07/users/morros/VFOA/TRAYECTORIAS2020_03_13/M2020-03-13-10-28-05/img/image_156.png 5.828882 -5.777490 -4.410672 [423.364746, 266.109283]
/mnt/gpid07/users/morros/VFOA/TRAYECTORIAS2020_03_13/M2020-03-13-10-28-05/img/image_157.png 0.173303 -4.559478 -3.569589 [404.932556, 272.578003]
/mnt/gpid07/users/morros/VFOA/TRAYECTORIAS2020_03_13/M2020-03-13-10-28-05/img/image_158.png -5.505271 -4.555658 -3.937384 [375.524628, 281.511169]
/mnt/gpid07/users/morros/VFOA/TRAYECTORIAS2020_03_13/M2020-03-13-10-28-05/img/image_159.png -15.071983 -5.006726 -4.892566 [345.762268, 288.628113]
/mnt/gpid07/users/morros/VFOA/TRAYECTORIAS2020_03_13/M2020-03-13-10-28-05/img/image_160.png -22.337072 -4.132664 -4.627352 [329.679901, 301.788513]
/mnt/gpid07/users/morros/VFOA/TRAYECTORIAS2020_03_13/M2020-03-13-10-28-05/img/image_161.png -32.888623 -4.841118 -5.231031 [315.688232, 297.049622]
/mnt/gpid07/users/morros/VFOA/TRAYECTORIAS2020_03_13/M2020-03-13-10-28-05/img/image_162.png -40.854731 -4.211792 -4.340816 [318.00946, 295.581207]
/mnt/gpid07/users/morros/VFOA/TRAYECTORIAS2020_03_13/M2020-03-13-10-28-05/img/image_163.png -49.019419 -4.080514 -3.763419 [331.147308, 300.705566]
/mnt/gpid07/users/morros/VFOA/TRAYECTORIAS2020_03_13/M2020-03-13-10-28-05/img/image_164.png -57.224593 -5.913851 -2.653561 [343.610809, 300.533844]
/mnt/gpid07/users/morros/VFOA/TRAYECTORIAS2020_03_13/M2020-03-13-10-28-05/img/image_165.png -61.870478 -5.674643 -2.580166 [348.739868, 295.081604]
/mnt/gpid07/users/morros/VFOA/TRAYECTORIAS2020_03_13/M2020-03-13-10-28-05/img/image_166.png -63.402740 -4.671870 -1.968075 [349.17943, 294.483575]
/mnt/gpid07/users/morros/VFOA/TRAYECTORIAS2020_03_13/M2020-03-13-10-28-05/img/image_167.png -62.988117 -4.020310 -0.806923 [338.781891, 279.294861]
/mnt/gpid07/users/morros/VFOA/TRAYECTORIAS2020_03_13/M2020-03-13-10-28-05/img/image_168.png -62.213733 -3.821536 -0.248279 [323.811737, 262.361176]
/mnt/gpid07/users/morros/VFOA/TRAYECTORIAS2020_03_13/M2020-03-13-10-28-05/img/image_169.png -62.520864 -3.506013 -0.151436 [303.478333, 243.112137]
/mnt/gpid07/users/morros/VFOA/TRAYECTORIAS2020_03_13/M2020-03-13-10-28-05/img/image_170.png -63.956228 -1.454230 -1.049981 [281.245422, 227.452911]
/mnt/gpid07/users/morros/VFOA/TRAYECTORIAS2020_03_13/M2020-03-13-10-28-05/img/image_171.png -72.754101 -2.725878 -3.900285 [279.003136, 225.922887]
/mnt/gpid07/users/morros/VFOA/TRAYECTORIAS2020_03_13/M2020-03-13-10-28-05/img/image_172.png -83.104556 -5.430463 -6.420962 [278.978814, 225.911177]
/mnt/gpid07/users/morros/VFOA/TRAYECTORIAS2020_03_13/M2020-03-13-10-28-05/img/image_173.png -92.933161 -9.226199 -7.616163 [278.998561, 225.925189]
/mnt/gpid07/users/morros/VFOA/TRAYECTORIAS2020_03_13/M2020-03-13-10-28-05/img/image_174.png -99.935252 -10.274892 -5.565985 [227.061935, 233.653107]
/mnt/gpid07/users/morros/VFOA/TRAYECTORIAS2020_03_13/M2020-03-13-10-28-05/img/image_175.png -102.256438 -14.520904 -4.485391 [223.01088, 253.834961]
/mnt/gpid07/users/morros/VFOA/TRAYECTORIAS2020_03_13/M2020-03-13-10-28-05/img/image_176.png -104.004666 -19.808117 -6.388673 [210.878662, 272.619385]
/mnt/gpid07/users/morros/VFOA/TRAYECTORIAS2020_03_13/M2020-03-13-10-28-05/img/image_177.png -103.376861 -26.244830 -8.265727 [197.04509, 289.151428]
/mnt/gpid07/users/morros/VFOA/TRAYECTORIAS2020_03_13/M2020-03-13-10-28-05/img/image_178.png -100.348222 -32.801822 -9.093483 [195.644719, 290.782109]
/mnt/gpid07/users/morros/VFOA/TRAYECTORIAS2020_03_13/M2020-03-13-10-28-05/img/image_179.png -99.695246 -39.754309 -9.241446 [195.629014, 290.796163]
/mnt/gpid07/users/morros/VFOA/TRAYECTORIAS2020_03_13/M2020-03-13-10-28-05/img/image_180.png -96.896372 -43.113109 -9.488163 [195.64129, 290.781402]
/mnt/gpid07/users/morros/VFOA/TRAYECTORIAS2020_03_13/M2020-03-13-10-28-05/img/image_181.png -97.168667 -45.490709 -9.519938 [128.539261, 333.74649]
/mnt/gpid07/users/morros/VFOA/TRAYECTORIAS2020_03_13/M2020-03-13-10-28-05/img/image_182.png -97.358777 -44.365105 -9.952652 [121.157915, 338.472798]
/mnt/gpid07/users/morros/VFOA/TRAYECTORIAS2020_03_13/M2020-03-13-10-28-05/img/image_183.png -98.271527 -38.434285 -8.990832 [117.639305, 332.553802]
/mnt/gpid07/users/morros/VFOA/TRAYECTORIAS2020_03_13/M2020-03-13-10-28-05/img/image_184.png -98.525288 -28.043114 -7.621908 [123.60968, 322.459717]
/mnt/gpid07/users/morros/VFOA/TRAYECTORIAS2020_03_13/M2020-03-13-10-28-05/img/image_185.png -96.939979 -17.165072 -6.682555 [130.293671, 306.231384]
/mnt/gpid07/users/morros/VFOA/TRAYECTORIAS2020_03_13/M2020-03-13-10-28-05/img/image_186.png -94.735571 -10.899733 -5.661526 [141.652542, 288.758606]
/mnt/gpid07/users/morros/VFOA/TRAYECTORIAS2020_03_13/M2020-03-13-10-28-05/img/image_187.png -89.572543 -5.329446 -4.055740 [147.206436, 274.61615]
/mnt/gpid07/users/morros/VFOA/TRAYECTORIAS2020_03_13/M2020-03-13-10-28-05/img/image_188.png -81.664181 -1.978528 -3.699212 [147.703776, 273.235208]
/mnt/gpid07/users/morros/VFOA/TRAYECTORIAS2020_03_13/M2020-03-13-10-28-05/img/image_189.png -74.293533 -1.540640 -4.427106 [147.702944, 273.224728]
/mnt/gpid07/users/morros/VFOA/TRAYECTORIAS2020_03_13/M2020-03-13-10-28-05/img/image_190.png -67.186773 -3.220746 -6.170239 [147.697879, 273.237385]
/mnt/gpid07/users/morros/VFOA/TRAYECTORIAS2020_03_13/M2020-03-13-10-28-05/img/image_191.png -63.843328 -3.260358 -6.230790 [144.341965, 247.791901]
/mnt/gpid07/users/morros/VFOA/TRAYECTORIAS2020_03_13/M2020-03-13-10-28-05/img/image_192.png -60.277350 -0.717841 -3.471876 [143.972865, 244.992771]
/mnt/gpid07/users/morros/VFOA/TRAYECTORIAS2020_03_13/M2020-03-13-10-28-05/img/image_193.png -54.720083 0.973603 -1.235391 [175.10527, 240.631241]
/mnt/gpid07/users/morros/VFOA/TRAYECTORIAS2020_03_13/M2020-03-13-10-28-05/img/image_194.png -51.069213 0.647581 -0.748009 [200.452515, 240.995209]
/mnt/gpid07/users/morros/VFOA/TRAYECTORIAS2020_03_13/M2020-03-13-10-28-05/img/image_195.png -45.369489 0.313894 -0.293780 [227.657715, 242.589462]
/mnt/gpid07/users/morros/VFOA/TRAYECTORIAS2020_03_13/M2020-03-13-10-28-05/img/image_196.png -39.295434 -0.509063 -0.800611 [249.029343, 243.639648]
/mnt/gpid07/users/morros/VFOA/TRAYECTORIAS2020_03_13/M2020-03-13-10-28-05/img/image_197.png -31.530664 -2.340222 -0.789666 [264.093384, 250.095062]
/mnt/gpid07/users/morros/VFOA/TRAYECTORIAS2020_03_13/M2020-03-13-10-28-05/img/image_198.png -21.337425 -3.709953 -1.085059 [272.64502, 251.543015]
/mnt/gpid07/users/morros/VFOA/TRAYECTORIAS2020_03_13/M2020-03-13-10-28-05/img/image_199.png -12.207881 -4.604498 -2.728449 [276.721069, 261.181732]
/mnt/gpid07/users/morros/VFOA/TRAYECTORIAS2020_03_13/M2020-03-13-10-28-05/img/image_200.png -3.268118 -3.418383 -3.187133 [271.182495, 270.29718]
/mnt/gpid07/users/morros/VFOA/TRAYECTORIAS2020_03_13/M2020-03-13-10-28-05/img/image_201.png 5.646231 -3.175489 -3.108310 [262.756714, 280.054565]
/mnt/gpid07/users/morros/VFOA/TRAYECTORIAS2020_03_13/M2020-03-13-10-28-05/img/image_202.png 11.758228 -2.724779 -4.324685 [254.547287, 290.588104]
/mnt/gpid07/users/morros/VFOA/TRAYECTORIAS2020_03_13/M2020-03-13-10-28-05/img/image_203.png 14.444725 -1.917034 -4.642488 [248.771225, 302.199951]
/mnt/gpid07/users/morros/VFOA/TRAYECTORIAS2020_03_13/M2020-03-13-10-28-05/img/image_204.png 21.258780 -0.444820 -4.552503 [242.823273, 302.64328]
/mnt/gpid07/users/morros/VFOA/TRAYECTORIAS2020_03_13/M2020-03-13-10-28-05/img/image_205.png 24.469187 -0.357862 -4.421132 [241.000763, 305.212494]
/mnt/gpid07/users/morros/VFOA/TRAYECTORIAS2020_03_13/M2020-03-13-10-28-05/img/image_206.png 25.519379 -2.033392 -4.534483 [243.832291, 303.279266]
/mnt/gpid07/users/morros/VFOA/TRAYECTORIAS2020_03_13/M2020-03-13-10-28-05/img/image_207.png 23.628456 -3.524507 -4.297365 [247.551239, 301.216339]
/mnt/gpid07/users/morros/VFOA/TRAYECTORIAS2020_03_13/M2020-03-13-10-28-05/img/image_208.png 21.642423 -4.505737 -4.019701 [251.782806, 299.609955]
/mnt/gpid07/users/morros/VFOA/TRAYECTORIAS2020_03_13/M2020-03-13-10-28-05/img/image_209.png 17.839538 -5.673137 -4.044220 [254.137543, 300.374512]
/mnt/gpid07/users/morros/VFOA/TRAYECTORIAS2020_03_13/M2020-03-13-10-28-05/img/image_210.png 15.722571 -9.287093 -4.428575 [262.480194, 299.79422]
/mnt/gpid07/users/morros/VFOA/TRAYECTORIAS2020_03_13/M2020-03-13-10-28-05/img/image_211.png 13.644288 -12.305557 -4.459442 [276.935913, 303.432312]
/mnt/gpid07/users/morros/VFOA/TRAYECTORIAS2020_03_13/M2020-03-13-10-28-05/img/image_212.png 8.910990 -15.597625 -5.042819 [293.659027, 305.825775]
/mnt/gpid07/users/morros/VFOA/TRAYECTORIAS2020_03_13/M2020-03-13-10-28-05/img/image_213.png 1.672104 -20.580664 -6.193567 [315.038239, 309.424164]
/mnt/gpid07/users/morros/VFOA/TRAYECTORIAS2020_03_13/M2020-03-13-10-28-05/img/image_214.png -2.119099 -25.586417 -6.976767 [345.598022, 313.66272]
/mnt/gpid07/users/morros/VFOA/TRAYECTORIAS2020_03_13/M2020-03-13-10-28-05/img/image_215.png -4.374643 -31.470280 -7.847294 [383.676849, 317.394897]
/mnt/gpid07/users/morros/VFOA/TRAYECTORIAS2020_03_13/M2020-03-13-10-28-05/img/image_216.png -8.239140 -37.869327 -7.384071 [409.302856, 318.613708]
/mnt/gpid07/users/morros/VFOA/TRAYECTORIAS2020_03_13/M2020-03-13-10-28-05/img/image_224.png 16.249529 -21.132073 -14.501315 [425.813843, 349.537323]
/mnt/gpid07/users/morros/VFOA/TRAYECTORIAS2020_03_13/M2020-03-13-10-28-05/img/image_225.png 21.231571 -12.596881 -11.269669 [418.007355, 352.411499]
/mnt/gpid07/users/morros/VFOA/TRAYECTORIAS2020_03_13/M2020-03-13-10-28-05/img/image_226.png 23.918995 -7.207711 -8.235802 [417.007774, 352.419362]
/mnt/gpid07/users/morros/VFOA/TRAYECTORIAS2020_03_13/M2020-03-13-10-28-05/img/image_227.png 25.638776 -3.992817 -5.692923 [370.303467, 327.846222]
/mnt/gpid07/users/morros/VFOA/TRAYECTORIAS2020_03_13/M2020-03-13-10-28-05/img/image_228.png 27.194646 -1.383470 -3.261383 [354.624847, 319.578979]
/mnt/gpid07/users/morros/VFOA/TRAYECTORIAS2020_03_13/M2020-03-13-10-28-05/img/image_229.png 27.297659 -0.486021 -2.205711 [345.181519, 313.627625]
/mnt/gpid07/users/morros/VFOA/TRAYECTORIAS2020_03_13/M2020-03-13-10-28-05/img/image_230.png 25.696867 -3.189400 -1.697622 [343.975037, 304.582916]
/mnt/gpid07/users/morros/VFOA/TRAYECTORIAS2020_03_13/M2020-03-13-10-28-05/img/image_231.png 26.495622 -3.552892 -0.662577 [351.733887, 294.703674]
/mnt/gpid07/users/morros/VFOA/TRAYECTORIAS2020_03_13/M2020-03-13-10-28-05/img/image_232.png 27.177948 -3.330617 0.023932 [366.477386, 283.366638]
/mnt/gpid07/users/morros/VFOA/TRAYECTORIAS2020_03_13/M2020-03-13-10-28-05/img/image_233.png 27.427318 -3.339605 -0.178523 [389.970062, 267.330597]
/mnt/gpid07/users/morros/VFOA/TRAYECTORIAS2020_03_13/M2020-03-13-10-28-05/img/image_234.png 28.190099 -3.471460 -0.231083 [417.786804, 252.05896]
/mnt/gpid07/users/morros/VFOA/TRAYECTORIAS2020_03_13/M2020-03-13-10-28-05/img/image_235.png 26.674562 -3.691000 -0.552469 [442.96109, 237.370575]
/mnt/gpid07/users/morros/VFOA/TRAYECTORIAS2020_03_13/M2020-03-13-10-28-05/img/image_236.png 26.401170 -3.874389 -0.061829 [464.668701, 228.860641]
/mnt/gpid07/users/morros/VFOA/TRAYECTORIAS2020_03_13/M2020-03-13-10-28-05/img/image_237.png 27.989059 -3.322046 -0.424070 [466.804796, 228.071433]
/mnt/gpid07/users/morros/VFOA/TRAYECTORIAS2020_03_13/M2020-03-13-10-28-05/img/image_238.png 28.372209 -1.623881 -1.509332 [503.078461, 237.179214]
/mnt/gpid07/users/morros/VFOA/TRAYECTORIAS2020_03_13/M2020-03-13-10-28-05/img/image_239.png 28.748002 0.524436 -0.868717 [517.071228, 254.15657]
/mnt/gpid07/users/morros/VFOA/TRAYECTORIAS2020_03_13/M2020-03-13-10-28-05/img/image_240.png 29.499881 -0.847182 -0.652456 [534.317993, 269.80838]
/mnt/gpid07/users/morros/VFOA/TRAYECTORIAS2020_03_13/M2020-03-13-10-28-05/img/image_248.png 9.471845 -18.971848 -50.246931 [592.950745, 265.403503]
