/mnt/gpid07/users/morros/VFOA/TRAYECTORIAS2020_03_13/M2020-03-13-13-16-42/img/image_36.png -133.862913 -1.875365 -2.064012 [582.073364, 324.79483]
/mnt/gpid07/users/morros/VFOA/TRAYECTORIAS2020_03_13/M2020-03-13-13-16-42/img/image_37.png -133.251273 -2.001106 -1.832968 [560.747192, 312.457886]
/mnt/gpid07/users/morros/VFOA/TRAYECTORIAS2020_03_13/M2020-03-13-13-16-42/img/image_38.png -132.407137 -3.366204 -1.322375 [540.441956, 299.488922]
/mnt/gpid07/users/morros/VFOA/TRAYECTORIAS2020_03_13/M2020-03-13-13-16-42/img/image_39.png -131.606512 -4.581682 -1.321105 [524.922302, 285.168182]
/mnt/gpid07/users/morros/VFOA/TRAYECTORIAS2020_03_13/M2020-03-13-13-16-42/img/image_40.png -132.932708 -5.765370 -1.052252 [505.330505, 276.869537]
/mnt/gpid07/users/morros/VFOA/TRAYECTORIAS2020_03_13/M2020-03-13-13-16-42/img/image_41.png -134.815321 -6.512534 -0.715926 [487.419708, 272.432312]
/mnt/gpid07/users/morros/VFOA/TRAYECTORIAS2020_03_13/M2020-03-13-13-16-42/img/image_42.png -134.526804 -7.828380 0.269315 [472.659912, 272.039246]
/mnt/gpid07/users/morros/VFOA/TRAYECTORIAS2020_03_13/M2020-03-13-13-16-42/img/image_43.png -136.110355 -10.829517 -0.151412 [471.215443, 272.040381]
/mnt/gpid07/users/morros/VFOA/TRAYECTORIAS2020_03_13/M2020-03-13-13-16-42/img/image_44.png -136.895259 -12.820630 -0.780820 [441.127197, 283.32785]
/mnt/gpid07/users/morros/VFOA/TRAYECTORIAS2020_03_13/M2020-03-13-13-16-42/img/image_45.png -136.537786 -14.834103 -1.583421 [419.066467, 296.507263]
/mnt/gpid07/users/morros/VFOA/TRAYECTORIAS2020_03_13/M2020-03-13-13-16-42/img/image_46.png -136.582227 -16.089408 -2.110104 [397.944061, 310.266632]
/mnt/gpid07/users/morros/VFOA/TRAYECTORIAS2020_03_13/M2020-03-13-13-16-42/img/image_47.png -135.913507 -16.614918 -1.571356 [381.361694, 320.808441]
/mnt/gpid07/users/morros/VFOA/TRAYECTORIAS2020_03_13/M2020-03-13-13-16-42/img/image_48.png -136.388864 -17.713974 -2.103024 [365.427277, 331.450897]
/mnt/gpid07/users/morros/VFOA/TRAYECTORIAS2020_03_13/M2020-03-13-13-16-42/img/image_49.png -135.433286 -18.370779 -2.214587 [354.124146, 339.540955]
/mnt/gpid07/users/morros/VFOA/TRAYECTORIAS2020_03_13/M2020-03-13-13-16-42/img/image_50.png -133.287240 -18.803000 -2.173691 [346.113281, 347.324188]
/mnt/gpid07/users/morros/VFOA/TRAYECTORIAS2020_03_13/M2020-03-13-13-16-42/img/image_51.png -130.968459 -19.304832 -2.338794 [337.653229, 348.955475]
/mnt/gpid07/users/morros/VFOA/TRAYECTORIAS2020_03_13/M2020-03-13-13-16-42/img/image_52.png -129.767421 -20.897749 -2.308156 [331.960114, 350.572815]
/mnt/gpid07/users/morros/VFOA/TRAYECTORIAS2020_03_13/M2020-03-13-13-16-42/img/image_53.png -129.305480 -22.404462 -2.824877 [326.128815, 347.889984]
/mnt/gpid07/users/morros/VFOA/TRAYECTORIAS2020_03_13/M2020-03-13-13-16-42/img/image_54.png -129.490834 -24.461397 -3.576892 [325.544303, 347.578699]
/mnt/gpid07/users/morros/VFOA/TRAYECTORIAS2020_03_13/M2020-03-13-13-16-42/img/image_55.png -129.555147 -26.788627 -3.844628 [316.42337, 341.563751]
/mnt/gpid07/users/morros/VFOA/TRAYECTORIAS2020_03_13/M2020-03-13-13-16-42/img/image_56.png -129.933119 -28.590138 -3.786597 [313.499146, 337.808533]
/mnt/gpid07/users/morros/VFOA/TRAYECTORIAS2020_03_13/M2020-03-13-13-16-42/img/image_57.png -129.838829 -29.456693 -3.890746 [313.26869, 337.455608]
/mnt/gpid07/users/morros/VFOA/TRAYECTORIAS2020_03_13/M2020-03-13-13-16-42/img/image_58.png -129.940127 -29.096908 -3.727037 [313.272582, 337.454339]
/mnt/gpid07/users/morros/VFOA/TRAYECTORIAS2020_03_13/M2020-03-13-13-16-42/img/image_59.png -129.776293 -28.637082 -3.944678 [302.913086, 330.968628]
/mnt/gpid07/users/morros/VFOA/TRAYECTORIAS2020_03_13/M2020-03-13-13-16-42/img/image_60.png -129.354934 -28.308225 -4.299345 [300.763824, 329.352325]
/mnt/gpid07/users/morros/VFOA/TRAYECTORIAS2020_03_13/M2020-03-13-13-16-42/img/image_61.png -129.103550 -28.002838 -4.237170 [302.094421, 328.19342]
/mnt/gpid07/users/morros/VFOA/TRAYECTORIAS2020_03_13/M2020-03-13-13-16-42/img/image_62.png -129.322365 -27.910853 -4.104061 [302.149719, 326.827393]
/mnt/gpid07/users/morros/VFOA/TRAYECTORIAS2020_03_13/M2020-03-13-13-16-42/img/image_63.png -129.330090 -26.864461 -3.848681 [301.506561, 327.235687]
/mnt/gpid07/users/morros/VFOA/TRAYECTORIAS2020_03_13/M2020-03-13-13-16-42/img/image_64.png -128.789086 -25.783406 -3.452774 [301.255157, 327.956818]
/mnt/gpid07/users/morros/VFOA/TRAYECTORIAS2020_03_13/M2020-03-13-13-16-42/img/image_65.png -127.881790 -24.990410 -2.870104 [300.93692, 328.067627]
/mnt/gpid07/users/morros/VFOA/TRAYECTORIAS2020_03_13/M2020-03-13-13-16-42/img/image_66.png -127.072347 -25.394905 -3.056837 [300.904428, 328.072605]
/mnt/gpid07/users/morros/VFOA/TRAYECTORIAS2020_03_13/M2020-03-13-13-16-42/img/image_67.png -124.883011 -24.864410 -3.598117 [301.980591, 325.945587]
/mnt/gpid07/users/morros/VFOA/TRAYECTORIAS2020_03_13/M2020-03-13-13-16-42/img/image_68.png -123.497300 -23.538838 -4.331132 [303.066101, 319.746826]
/mnt/gpid07/users/morros/VFOA/TRAYECTORIAS2020_03_13/M2020-03-13-13-16-42/img/image_69.png -125.794196 -23.419008 -4.892768 [301.549164, 310.985016]
/mnt/gpid07/users/morros/VFOA/TRAYECTORIAS2020_03_13/M2020-03-13-13-16-42/img/image_70.png -126.595895 -22.546568 -4.729425 [301.142151, 306.114838]
/mnt/gpid07/users/morros/VFOA/TRAYECTORIAS2020_03_13/M2020-03-13-13-16-42/img/image_71.png -129.115716 -22.757573 -4.235261 [301.112549, 305.666736]
/mnt/gpid07/users/morros/VFOA/TRAYECTORIAS2020_03_13/M2020-03-13-13-16-42/img/image_72.png -129.852518 -22.356537 -3.628981 [301.113363, 305.666147]
/mnt/gpid07/users/morros/VFOA/TRAYECTORIAS2020_03_13/M2020-03-13-13-16-42/img/image_73.png -130.845485 -23.039504 -3.214759 [278.863831, 310.726196]
/mnt/gpid07/users/morros/VFOA/TRAYECTORIAS2020_03_13/M2020-03-13-13-16-42/img/image_75.png -130.802941 -24.124539 -2.891968 [257.097626, 332.747223]
/mnt/gpid07/users/morros/VFOA/TRAYECTORIAS2020_03_13/M2020-03-13-13-16-42/img/image_76.png -130.761426 -24.047018 -3.013385 [247.495117, 342.71402]
/mnt/gpid07/users/morros/VFOA/TRAYECTORIAS2020_03_13/M2020-03-13-13-16-42/img/image_77.png -131.208188 -24.019277 -3.207543 [243.209259, 348.039703]
/mnt/gpid07/users/morros/VFOA/TRAYECTORIAS2020_03_13/M2020-03-13-13-16-42/img/image_78.png -131.028698 -24.064872 -2.869371 [236.66832, 355.555542]
/mnt/gpid07/users/morros/VFOA/TRAYECTORIAS2020_03_13/M2020-03-13-13-16-42/img/image_79.png -130.903535 -24.687932 -3.118284 [233.427521, 360.316193]
/mnt/gpid07/users/morros/VFOA/TRAYECTORIAS2020_03_13/M2020-03-13-13-16-42/img/image_80.png -129.260916 -24.183323 -2.803595 [233.678268, 363.564056]
/mnt/gpid07/users/morros/VFOA/TRAYECTORIAS2020_03_13/M2020-03-13-13-16-42/img/image_81.png -129.867492 -24.312498 -2.349018 [233.805908, 364.976715]
/mnt/gpid07/users/morros/VFOA/TRAYECTORIAS2020_03_13/M2020-03-13-13-16-42/img/image_82.png -129.699231 -23.530540 -2.065351 [233.8069, 364.785583]
/mnt/gpid07/users/morros/VFOA/TRAYECTORIAS2020_03_13/M2020-03-13-13-16-42/img/image_83.png -131.967965 -22.213881 -2.099332 [232.492371, 366.545532]
/mnt/gpid07/users/morros/VFOA/TRAYECTORIAS2020_03_13/M2020-03-13-13-16-42/img/image_84.png -141.391277 -21.510885 -2.017492 [232.157318, 365.785431]
/mnt/gpid07/users/morros/VFOA/TRAYECTORIAS2020_03_13/M2020-03-13-13-16-42/img/image_85.png -153.824846 -20.045206 -0.824458 [231.881104, 365.279083]
/mnt/gpid07/users/morros/VFOA/TRAYECTORIAS2020_03_13/M2020-03-13-13-16-42/img/image_86.png -162.144051 -16.914614 -0.090735 [232.070801, 362.422821]
/mnt/gpid07/users/morros/VFOA/TRAYECTORIAS2020_03_13/M2020-03-13-13-16-42/img/image_87.png -168.794696 -14.026885 -0.310893 [232.09443, 362.113696]
/mnt/gpid07/users/morros/VFOA/TRAYECTORIAS2020_03_13/M2020-03-13-13-16-42/img/image_88.png -175.591789 -11.522011 -0.620469 [225.936508, 357.052338]
/mnt/gpid07/users/morros/VFOA/TRAYECTORIAS2020_03_13/M2020-03-13-13-16-42/img/image_89.png 179.975899 -10.624030 -1.140157 [226.860092, 356.902039]
/mnt/gpid07/users/morros/VFOA/TRAYECTORIAS2020_03_13/M2020-03-13-13-16-42/img/image_90.png 177.588366 -10.533010 -1.847702 [231.163193, 355.859192]
/mnt/gpid07/users/morros/VFOA/TRAYECTORIAS2020_03_13/M2020-03-13-13-16-42/img/image_91.png 178.405193 -10.298749 -2.827921 [237.740356, 354.137421]
/mnt/gpid07/users/morros/VFOA/TRAYECTORIAS2020_03_13/M2020-03-13-13-16-42/img/image_92.png 179.988460 -10.582463 -4.588672 [239.726456, 351.844543]
/mnt/gpid07/users/morros/VFOA/TRAYECTORIAS2020_03_13/M2020-03-13-13-16-42/img/image_93.png -177.976872 -10.256970 -5.605323 [240.136383, 346.306824]
/mnt/gpid07/users/morros/VFOA/TRAYECTORIAS2020_03_13/M2020-03-13-13-16-42/img/image_94.png -176.498595 -9.615660 -5.262968 [238.004105, 336.247864]
/mnt/gpid07/users/morros/VFOA/TRAYECTORIAS2020_03_13/M2020-03-13-13-16-42/img/image_95.png -176.982808 -9.619348 -3.376378 [235.271545, 322.899689]
/mnt/gpid07/users/morros/VFOA/TRAYECTORIAS2020_03_13/M2020-03-13-13-16-42/img/image_96.png -177.773530 -10.570494 -1.895411 [231.121643, 308.077301]
/mnt/gpid07/users/morros/VFOA/TRAYECTORIAS2020_03_13/M2020-03-13-13-16-42/img/image_97.png -179.839583 -12.091587 -0.921425 [227.752243, 293.581512]
/mnt/gpid07/users/morros/VFOA/TRAYECTORIAS2020_03_13/M2020-03-13-13-16-42/img/image_98.png 177.004049 -13.286828 -0.962165 [220.814819, 281.71347]
/mnt/gpid07/users/morros/VFOA/TRAYECTORIAS2020_03_13/M2020-03-13-13-16-42/img/image_99.png 173.439182 -14.268547 -1.038997 [215.969757, 269.719666]
/mnt/gpid07/users/morros/VFOA/TRAYECTORIAS2020_03_13/M2020-03-13-13-16-42/img/image_100.png 171.098266 -14.312694 -1.518525 [211.643616, 261.926056]
/mnt/gpid07/users/morros/VFOA/TRAYECTORIAS2020_03_13/M2020-03-13-13-16-42/img/image_101.png 168.421413 -14.320568 -1.313092 [205.639465, 252.9384]
/mnt/gpid07/users/morros/VFOA/TRAYECTORIAS2020_03_13/M2020-03-13-13-16-42/img/image_102.png 167.290245 -14.299625 -1.836554 [202.394104, 246.884964]
/mnt/gpid07/users/morros/VFOA/TRAYECTORIAS2020_03_13/M2020-03-13-13-16-42/img/image_103.png 166.933989 -14.376331 -2.285733 [200.259659, 244.726257]
/mnt/gpid07/users/morros/VFOA/TRAYECTORIAS2020_03_13/M2020-03-13-13-16-42/img/image_104.png 165.983075 -16.623091 -2.637948 [193.90625, 246.845444]
/mnt/gpid07/users/morros/VFOA/TRAYECTORIAS2020_03_13/M2020-03-13-13-16-42/img/image_105.png 166.432380 -19.398674 -2.592527 [185.346024, 245.225723]
/mnt/gpid07/users/morros/VFOA/TRAYECTORIAS2020_03_13/M2020-03-13-13-16-42/img/image_106.png 166.551389 -23.266059 -2.993324 [176.064392, 243.33844]
/mnt/gpid07/users/morros/VFOA/TRAYECTORIAS2020_03_13/M2020-03-13-13-16-42/img/image_107.png 167.572529 -26.171221 -3.210509 [162.349976, 240.655411]
/mnt/gpid07/users/morros/VFOA/TRAYECTORIAS2020_03_13/M2020-03-13-13-16-42/img/image_108.png 167.458543 -27.613545 -3.391368 [151.973846, 237.053833]
/mnt/gpid07/users/morros/VFOA/TRAYECTORIAS2020_03_13/M2020-03-13-13-16-42/img/image_109.png 167.034845 -28.365574 -3.478476 [140.763611, 232.107483]
/mnt/gpid07/users/morros/VFOA/TRAYECTORIAS2020_03_13/M2020-03-13-13-16-42/img/image_110.png 166.589729 -29.011547 -3.358492 [140.80748, 228.454071]
/mnt/gpid07/users/morros/VFOA/TRAYECTORIAS2020_03_13/M2020-03-13-13-16-42/img/image_111.png 166.006879 -30.242486 -3.313277 [129.746063, 225.943359]
/mnt/gpid07/users/morros/VFOA/TRAYECTORIAS2020_03_13/M2020-03-13-13-16-42/img/image_112.png 166.625371 -30.788959 -3.272526 [127.081886, 225.049805]
/mnt/gpid07/users/morros/VFOA/TRAYECTORIAS2020_03_13/M2020-03-13-13-16-42/img/image_113.png 166.632016 -31.510123 -3.141192 [126.143364, 226.336945]
/mnt/gpid07/users/morros/VFOA/TRAYECTORIAS2020_03_13/M2020-03-13-13-16-42/img/image_114.png 167.119116 -32.572522 -3.348751 [124.019157, 226.779037]
/mnt/gpid07/users/morros/VFOA/TRAYECTORIAS2020_03_13/M2020-03-13-13-16-42/img/image_115.png 167.514095 -33.256360 -3.468514 [133.075867, 226.14595]
/mnt/gpid07/users/morros/VFOA/TRAYECTORIAS2020_03_13/M2020-03-13-13-16-42/img/image_116.png 167.577581 -33.144215 -3.409501 [133.783524, 227.127029]
/mnt/gpid07/users/morros/VFOA/TRAYECTORIAS2020_03_13/M2020-03-13-13-16-42/img/image_117.png 167.803362 -32.903927 -3.495598 [133.770799, 227.241279]
/mnt/gpid07/users/morros/VFOA/TRAYECTORIAS2020_03_13/M2020-03-13-13-16-42/img/image_120.png 164.632536 -24.546990 -1.376962 [137.501709, 224.19899]
/mnt/gpid07/users/morros/VFOA/TRAYECTORIAS2020_03_13/M2020-03-13-13-16-42/img/image_121.png 163.137702 -18.470250 -0.188332 [137.704773, 223.578186]
/mnt/gpid07/users/morros/VFOA/TRAYECTORIAS2020_03_13/M2020-03-13-13-16-42/img/image_122.png 161.390206 -13.102076 0.342873 [138.50264, 226.485352]
/mnt/gpid07/users/morros/VFOA/TRAYECTORIAS2020_03_13/M2020-03-13-13-16-42/img/image_123.png 160.656711 -9.062376 -0.103611 [134.980011, 230.862518]
/mnt/gpid07/users/morros/VFOA/TRAYECTORIAS2020_03_13/M2020-03-13-13-16-42/img/image_124.png 160.199784 -5.968153 -0.104988 [148.689499, 237.776337]
/mnt/gpid07/users/morros/VFOA/TRAYECTORIAS2020_03_13/M2020-03-13-13-16-42/img/image_125.png 158.204472 -4.714495 0.331820 [149.023071, 243.434326]
/mnt/gpid07/users/morros/VFOA/TRAYECTORIAS2020_03_13/M2020-03-13-13-16-42/img/image_126.png 155.523553 -4.148141 0.301763 [156.21933, 249.183182]
/mnt/gpid07/users/morros/VFOA/TRAYECTORIAS2020_03_13/M2020-03-13-13-16-42/img/image_127.png 155.725231 -3.980355 0.152508 [164.376419, 255.17804]
/mnt/gpid07/users/morros/VFOA/TRAYECTORIAS2020_03_13/M2020-03-13-13-16-42/img/image_128.png 156.359979 -4.131325 -0.388144 [171.79953, 259.136383]
/mnt/gpid07/users/morros/VFOA/TRAYECTORIAS2020_03_13/M2020-03-13-13-16-42/img/image_129.png 158.572692 -4.459286 -0.478304 [181.423981, 262.554565]
/mnt/gpid07/users/morros/VFOA/TRAYECTORIAS2020_03_13/M2020-03-13-13-16-42/img/image_130.png 162.303144 -4.699608 -0.931883 [190.207489, 262.239136]
/mnt/gpid07/users/morros/VFOA/TRAYECTORIAS2020_03_13/M2020-03-13-13-16-42/img/image_131.png 165.653047 -4.807029 -1.575872 [199.681595, 261.611633]
/mnt/gpid07/users/morros/VFOA/TRAYECTORIAS2020_03_13/M2020-03-13-13-16-42/img/image_132.png 170.953573 -5.312116 -1.549203 [203.126648, 259.812683]
/mnt/gpid07/users/morros/VFOA/TRAYECTORIAS2020_03_13/M2020-03-13-13-16-42/img/image_133.png 176.375077 -5.575180 -1.540337 [211.698792, 258.844025]
/mnt/gpid07/users/morros/VFOA/TRAYECTORIAS2020_03_13/M2020-03-13-13-16-42/img/image_134.png -177.082122 -6.438892 -2.456088 [214.969986, 256.983521]
/mnt/gpid07/users/morros/VFOA/TRAYECTORIAS2020_03_13/M2020-03-13-13-16-42/img/image_135.png -168.067476 -7.206792 -2.365666 [212.52652, 257.991699]
/mnt/gpid07/users/morros/VFOA/TRAYECTORIAS2020_03_13/M2020-03-13-13-16-42/img/image_136.png -160.786238 -7.952481 -2.731590 [203.912125, 259.889893]
/mnt/gpid07/users/morros/VFOA/TRAYECTORIAS2020_03_13/M2020-03-13-13-16-42/img/image_137.png -153.447418 -8.161660 -2.536659 [191.242844, 264.035828]
/mnt/gpid07/users/morros/VFOA/TRAYECTORIAS2020_03_13/M2020-03-13-13-16-42/img/image_138.png -144.648715 -8.238186 -2.467965 [179.033401, 268.510498]
/mnt/gpid07/users/morros/VFOA/TRAYECTORIAS2020_03_13/M2020-03-13-13-16-42/img/image_139.png -135.555289 -7.880538 -1.592831 [166.914978, 273.448822]
/mnt/gpid07/users/morros/VFOA/TRAYECTORIAS2020_03_13/M2020-03-13-13-16-42/img/image_140.png -123.916884 -8.709198 -0.043752 [164.563477, 278.673615]
/mnt/gpid07/users/morros/VFOA/TRAYECTORIAS2020_03_13/M2020-03-13-13-16-42/img/image_141.png -109.756000 -11.430097 0.619244 [164.425996, 279.198958]
/mnt/gpid07/users/morros/VFOA/TRAYECTORIAS2020_03_13/M2020-03-13-13-16-42/img/image_142.png -97.385218 -12.064563 0.217438 [164.434388, 279.204498]
/mnt/gpid07/users/morros/VFOA/TRAYECTORIAS2020_03_13/M2020-03-13-13-16-42/img/image_143.png -85.762974 -11.253546 0.058793 [164.436686, 279.199854]
/mnt/gpid07/users/morros/VFOA/TRAYECTORIAS2020_03_13/M2020-03-13-13-16-42/img/image_144.png -76.412647 -10.958404 -0.149699 [176.979431, 245.655853]
/mnt/gpid07/users/morros/VFOA/TRAYECTORIAS2020_03_13/M2020-03-13-13-16-42/img/image_145.png -70.061754 -11.211484 -0.254684 [182.094406, 237.256775]
/mnt/gpid07/users/morros/VFOA/TRAYECTORIAS2020_03_13/M2020-03-13-13-16-42/img/image_146.png -64.649536 -9.831041 0.595631 [189.662354, 234.710938]
/mnt/gpid07/users/morros/VFOA/TRAYECTORIAS2020_03_13/M2020-03-13-13-16-42/img/image_147.png -62.829671 -7.946552 1.080977 [197.625977, 238.475861]
/mnt/gpid07/users/morros/VFOA/TRAYECTORIAS2020_03_13/M2020-03-13-13-16-42/img/image_148.png -61.713979 -7.884933 0.115394 [209.065125, 247.634995]
/mnt/gpid07/users/morros/VFOA/TRAYECTORIAS2020_03_13/M2020-03-13-13-16-42/img/image_149.png -59.546114 -8.153409 -0.112715 [224.419662, 263.316162]
/mnt/gpid07/users/morros/VFOA/TRAYECTORIAS2020_03_13/M2020-03-13-13-16-42/img/image_150.png -56.076958 -9.550594 0.524918 [225.99427, 264.949499]
/mnt/gpid07/users/morros/VFOA/TRAYECTORIAS2020_03_13/M2020-03-13-13-16-42/img/image_151.png -48.927597 -10.509446 1.449488 [261.026917, 295.193817]
/mnt/gpid07/users/morros/VFOA/TRAYECTORIAS2020_03_13/M2020-03-13-13-16-42/img/image_152.png -39.330663 -10.922260 1.108160 [276.615112, 313.164886]
/mnt/gpid07/users/morros/VFOA/TRAYECTORIAS2020_03_13/M2020-03-13-13-16-42/img/image_153.png -30.486391 -10.911777 1.219651 [290.556396, 324.1521]
/mnt/gpid07/users/morros/VFOA/TRAYECTORIAS2020_03_13/M2020-03-13-13-16-42/img/image_154.png -23.635858 -10.820498 1.402962 [301.430878, 333.908813]
/mnt/gpid07/users/morros/VFOA/TRAYECTORIAS2020_03_13/M2020-03-13-13-16-42/img/image_155.png -17.009677 -11.335298 1.431810 [302.908234, 341.599182]
/mnt/gpid07/users/morros/VFOA/TRAYECTORIAS2020_03_13/M2020-03-13-13-16-42/img/image_156.png -9.521003 -12.722069 0.767634 [300.74234, 351.283417]
/mnt/gpid07/users/morros/VFOA/TRAYECTORIAS2020_03_13/M2020-03-13-13-16-42/img/image_157.png -5.152956 -12.580431 0.808820 [297.8974, 363.091522]
/mnt/gpid07/users/morros/VFOA/TRAYECTORIAS2020_03_13/M2020-03-13-13-16-42/img/image_158.png -2.292097 -12.792058 0.833216 [292.067535, 376.817322]
/mnt/gpid07/users/morros/VFOA/TRAYECTORIAS2020_03_13/M2020-03-13-13-16-42/img/image_159.png -0.753433 -13.843484 0.303350 [291.771271, 385.504669]
/mnt/gpid07/users/morros/VFOA/TRAYECTORIAS2020_03_13/M2020-03-13-13-16-42/img/image_160.png -0.151962 -13.617600 -0.205980 [293.829895, 393.879608]
/mnt/gpid07/users/morros/VFOA/TRAYECTORIAS2020_03_13/M2020-03-13-13-16-42/img/image_161.png -2.026688 -13.999530 -0.506935 [299.882141, 397.142059]
/mnt/gpid07/users/morros/VFOA/TRAYECTORIAS2020_03_13/M2020-03-13-13-16-42/img/image_162.png -3.151527 -14.305431 -0.841926 [310.439148, 401.964203]
/mnt/gpid07/users/morros/VFOA/TRAYECTORIAS2020_03_13/M2020-03-13-13-16-42/img/image_163.png -3.648968 -14.669215 -1.499591 [324.55191, 404.78006]
/mnt/gpid07/users/morros/VFOA/TRAYECTORIAS2020_03_13/M2020-03-13-13-16-42/img/image_164.png -3.285050 -14.269841 -1.439340 [343.979614, 411.799561]
/mnt/gpid07/users/morros/VFOA/TRAYECTORIAS2020_03_13/M2020-03-13-13-16-42/img/image_165.png -1.360865 -14.113656 -1.200816 [368.061066, 410.914612]
/mnt/gpid07/users/morros/VFOA/TRAYECTORIAS2020_03_13/M2020-03-13-13-16-42/img/image_167.png 1.225781 -15.148620 -1.495400 [405.268127, 403.734528]
/mnt/gpid07/users/morros/VFOA/TRAYECTORIAS2020_03_13/M2020-03-13-13-16-42/img/image_168.png 2.900679 -14.989516 -1.786495 [409.066342, 402.964823]
/mnt/gpid07/users/morros/VFOA/TRAYECTORIAS2020_03_13/M2020-03-13-13-16-42/img/image_169.png 4.602979 -16.058715 -1.131246 [430.422546, 397.494141]
/mnt/gpid07/users/morros/VFOA/TRAYECTORIAS2020_03_13/M2020-03-13-13-16-42/img/image_170.png 6.291620 -15.618326 -0.279058 [432.733747, 396.900063]
/mnt/gpid07/users/morros/VFOA/TRAYECTORIAS2020_03_13/M2020-03-13-13-16-42/img/image_171.png 7.390463 -15.693251 -0.173476 [432.774417, 396.889421]
/mnt/gpid07/users/morros/VFOA/TRAYECTORIAS2020_03_13/M2020-03-13-13-16-42/img/image_172.png 5.941199 -15.330455 0.516359 [447.554138, 405.298492]
/mnt/gpid07/users/morros/VFOA/TRAYECTORIAS2020_03_13/M2020-03-13-13-16-42/img/image_173.png 3.513921 -14.420346 0.401284 [451.995514, 407.845917]
/mnt/gpid07/users/morros/VFOA/TRAYECTORIAS2020_03_13/M2020-03-13-13-16-42/img/image_174.png -0.374104 -13.578497 -0.347238 [452.336268, 408.042043]
/mnt/gpid07/users/morros/VFOA/TRAYECTORIAS2020_03_13/M2020-03-13-13-16-42/img/image_175.png -4.349819 -13.561367 -0.862500 [452.329337, 408.038142]
/mnt/gpid07/users/morros/VFOA/TRAYECTORIAS2020_03_13/M2020-03-13-13-16-42/img/image_176.png -8.846156 -14.215474 -1.778182 [472.97934, 395.92807]
/mnt/gpid07/users/morros/VFOA/TRAYECTORIAS2020_03_13/M2020-03-13-13-16-42/img/image_177.png -14.261520 -14.918480 -1.834466 [475.250909, 394.596001]
/mnt/gpid07/users/morros/VFOA/TRAYECTORIAS2020_03_13/M2020-03-13-13-16-42/img/image_180.png -21.383886 -17.032489 -0.837902 [496.331543, 315.757385]
/mnt/gpid07/users/morros/VFOA/TRAYECTORIAS2020_03_13/M2020-03-13-13-16-42/img/image_181.png -20.873925 -18.452218 -1.021575 [502.231873, 302.063324]
/mnt/gpid07/users/morros/VFOA/TRAYECTORIAS2020_03_13/M2020-03-13-13-16-42/img/image_182.png -20.352062 -19.653655 -0.543386 [493.620117, 295.254974]
/mnt/gpid07/users/morros/VFOA/TRAYECTORIAS2020_03_13/M2020-03-13-13-16-42/img/image_183.png -19.747993 -20.529871 -0.377344 [485.976501, 292.958771]
/mnt/gpid07/users/morros/VFOA/TRAYECTORIAS2020_03_13/M2020-03-13-13-16-42/img/image_184.png -19.576933 -21.302350 -0.813779 [480.581268, 289.43454]
/mnt/gpid07/users/morros/VFOA/TRAYECTORIAS2020_03_13/M2020-03-13-13-16-42/img/image_185.png -19.292973 -21.838730 -1.687063 [469.448761, 290.694092]
/mnt/gpid07/users/morros/VFOA/TRAYECTORIAS2020_03_13/M2020-03-13-13-16-42/img/image_186.png -18.998776 -22.096031 -1.979156 [457.558929, 288.138428]
/mnt/gpid07/users/morros/VFOA/TRAYECTORIAS2020_03_13/M2020-03-13-13-16-42/img/image_187.png -19.410707 -23.005314 -2.163005 [447.646698, 284.63858]
/mnt/gpid07/users/morros/VFOA/TRAYECTORIAS2020_03_13/M2020-03-13-13-16-42/img/image_188.png -19.918696 -24.020769 -2.394662 [429.061646, 282.508301]
/mnt/gpid07/users/morros/VFOA/TRAYECTORIAS2020_03_13/M2020-03-13-13-16-42/img/image_189.png -20.670205 -25.394679 -2.839560 [426.204529, 279.030701]
/mnt/gpid07/users/morros/VFOA/TRAYECTORIAS2020_03_13/M2020-03-13-13-16-42/img/image_190.png -21.386833 -26.749845 -3.194425 [422.446472, 276.947144]
/mnt/gpid07/users/morros/VFOA/TRAYECTORIAS2020_03_13/M2020-03-13-13-16-42/img/image_191.png -21.841188 -27.114423 -3.122281 [426.501831, 278.735687]
/mnt/gpid07/users/morros/VFOA/TRAYECTORIAS2020_03_13/M2020-03-13-13-16-42/img/image_192.png -21.713157 -26.823228 -3.004398 [419.755188, 278.147583]
/mnt/gpid07/users/morros/VFOA/TRAYECTORIAS2020_03_13/M2020-03-13-13-16-42/img/image_193.png -21.834980 -26.668442 -2.990556 [420.009674, 280.611847]
/mnt/gpid07/users/morros/VFOA/TRAYECTORIAS2020_03_13/M2020-03-13-13-16-42/img/image_194.png -21.330283 -26.372098 -3.005390 [419.538544, 281.575745]
/mnt/gpid07/users/morros/VFOA/TRAYECTORIAS2020_03_13/M2020-03-13-13-16-42/img/image_195.png -21.710133 -26.556602 -3.113818 [420.539551, 280.943695]
/mnt/gpid07/users/morros/VFOA/TRAYECTORIAS2020_03_13/M2020-03-13-13-16-42/img/image_196.png -21.297496 -26.664038 -3.175187 [417.989685, 278.912231]
/mnt/gpid07/users/morros/VFOA/TRAYECTORIAS2020_03_13/M2020-03-13-13-16-42/img/image_197.png -21.457043 -26.525848 -2.923351 [415.66156, 278.885651]
/mnt/gpid07/users/morros/VFOA/TRAYECTORIAS2020_03_13/M2020-03-13-13-16-42/img/image_198.png -21.469940 -25.952207 -2.783374 [416.316711, 278.699554]
/mnt/gpid07/users/morros/VFOA/TRAYECTORIAS2020_03_13/M2020-03-13-13-16-42/img/image_199.png -21.747759 -25.374444 -2.639979 [416.704468, 276.98877]
/mnt/gpid07/users/morros/VFOA/TRAYECTORIAS2020_03_13/M2020-03-13-13-16-42/img/image_200.png -21.091254 -21.994091 -2.331174 [417.032562, 276.247009]
/mnt/gpid07/users/morros/VFOA/TRAYECTORIAS2020_03_13/M2020-03-13-13-16-42/img/image_201.png -18.634637 -16.265643 -2.341471 [417.196625, 275.028595]
/mnt/gpid07/users/morros/VFOA/TRAYECTORIAS2020_03_13/M2020-03-13-13-16-42/img/image_202.png -17.214068 -10.944072 -2.477523 [424.202698, 275.529327]
/mnt/gpid07/users/morros/VFOA/TRAYECTORIAS2020_03_13/M2020-03-13-13-16-42/img/image_203.png -16.594791 -6.722330 -1.991108 [419.97522, 269.083344]
/mnt/gpid07/users/morros/VFOA/TRAYECTORIAS2020_03_13/M2020-03-13-13-16-42/img/image_204.png -16.727826 -4.012041 -1.573270 [406.181, 260.279297]
/mnt/gpid07/users/morros/VFOA/TRAYECTORIAS2020_03_13/M2020-03-13-13-16-42/img/image_205.png -17.271499 -2.247575 -1.171038 [400.104645, 251.56926]
/mnt/gpid07/users/morros/VFOA/TRAYECTORIAS2020_03_13/M2020-03-13-13-16-42/img/image_206.png -17.092435 -1.736191 -0.466095 [391.400879, 242.012756]
/mnt/gpid07/users/morros/VFOA/TRAYECTORIAS2020_03_13/M2020-03-13-13-16-42/img/image_207.png -16.872253 -2.291774 -0.714472 [384.682587, 235.157349]
/mnt/gpid07/users/morros/VFOA/TRAYECTORIAS2020_03_13/M2020-03-13-13-16-42/img/image_208.png -17.032554 -3.230119 -0.834603 [380.797852, 230.659424]
/mnt/gpid07/users/morros/VFOA/TRAYECTORIAS2020_03_13/M2020-03-13-13-16-42/img/image_209.png -16.372659 -2.741273 -1.080032 [378.123688, 227.147873]
/mnt/gpid07/users/morros/VFOA/TRAYECTORIAS2020_03_13/M2020-03-13-13-16-42/img/image_210.png -14.415109 -2.920166 -0.968210 [376.728851, 226.436371]
/mnt/gpid07/users/morros/VFOA/TRAYECTORIAS2020_03_13/M2020-03-13-13-16-42/img/image_212.png -9.658924 -4.738206 -0.234961 [375.264374, 228.127869]
/mnt/gpid07/users/morros/VFOA/TRAYECTORIAS2020_03_13/M2020-03-13-13-16-42/img/image_213.png -6.053823 -5.460379 -0.167962 [375.517548, 227.247986]
/mnt/gpid07/users/morros/VFOA/TRAYECTORIAS2020_03_13/M2020-03-13-13-16-42/img/image_214.png -3.263733 -5.535176 0.292086 [378.298676, 226.74472]
/mnt/gpid07/users/morros/VFOA/TRAYECTORIAS2020_03_13/M2020-03-13-13-16-42/img/image_215.png -1.317828 -5.263812 0.534355 [386.159515, 226.857086]
/mnt/gpid07/users/morros/VFOA/TRAYECTORIAS2020_03_13/M2020-03-13-13-16-42/img/image_216.png -0.483030 -5.349300 0.839189 [396.77298, 227.555557]
/mnt/gpid07/users/morros/VFOA/TRAYECTORIAS2020_03_13/M2020-03-13-13-16-42/img/image_217.png 1.048816 -5.983138 0.476217 [412.392395, 226.454636]
/mnt/gpid07/users/morros/VFOA/TRAYECTORIAS2020_03_13/M2020-03-13-13-16-42/img/image_218.png 3.560588 -6.136510 -0.528422 [426.753754, 224.75708]
/mnt/gpid07/users/morros/VFOA/TRAYECTORIAS2020_03_13/M2020-03-13-13-16-42/img/image_219.png 8.202133 -6.056816 -0.583742 [441.257538, 225.546249]
/mnt/gpid07/users/morros/VFOA/TRAYECTORIAS2020_03_13/M2020-03-13-13-16-42/img/image_220.png 11.741152 -6.441348 -0.457532 [458.286011, 227.861084]
/mnt/gpid07/users/morros/VFOA/TRAYECTORIAS2020_03_13/M2020-03-13-13-16-42/img/image_221.png 16.902077 -5.964226 -0.422465 [476.315094, 224.557953]
/mnt/gpid07/users/morros/VFOA/TRAYECTORIAS2020_03_13/M2020-03-13-13-16-42/img/image_222.png 20.819866 -5.127991 -0.107820 [494.723755, 219.00206]
/mnt/gpid07/users/morros/VFOA/TRAYECTORIAS2020_03_13/M2020-03-13-13-16-42/img/image_223.png 23.366415 -4.871334 -0.247844 [513.164001, 215.692459]
/mnt/gpid07/users/morros/VFOA/TRAYECTORIAS2020_03_13/M2020-03-13-13-16-42/img/image_224.png 25.845418 -4.504435 0.437592 [531.624146, 214.361038]
/mnt/gpid07/users/morros/VFOA/TRAYECTORIAS2020_03_13/M2020-03-13-13-16-42/img/image_225.png 28.261822 -6.482128 0.628915 [533.470359, 214.247678]
