/mnt/gpid07/users/morros/VFOA/TRAYECTORIAS2020_03_13/M2020-03-13-13-19-40/img/image_15.png -148.218474 -0.299693 -3.955323 [566.796753, 286.547516]
/mnt/gpid07/users/morros/VFOA/TRAYECTORIAS2020_03_13/M2020-03-13-13-19-40/img/image_16.png -149.869601 -0.449167 -4.772011 [549.60614, 278.375153]
/mnt/gpid07/users/morros/VFOA/TRAYECTORIAS2020_03_13/M2020-03-13-13-19-40/img/image_17.png -150.902128 -0.361976 -5.402324 [523.964111, 269.08432]
/mnt/gpid07/users/morros/VFOA/TRAYECTORIAS2020_03_13/M2020-03-13-13-19-40/img/image_18.png -151.715407 -0.315396 -5.732613 [509.667847, 263.924896]
/mnt/gpid07/users/morros/VFOA/TRAYECTORIAS2020_03_13/M2020-03-13-13-19-40/img/image_19.png -152.651380 -1.183919 -5.893758 [499.280457, 258.135254]
/mnt/gpid07/users/morros/VFOA/TRAYECTORIAS2020_03_13/M2020-03-13-13-19-40/img/image_20.png -152.793757 -2.382949 -5.580100 [485.449799, 259.775116]
/mnt/gpid07/users/morros/VFOA/TRAYECTORIAS2020_03_13/M2020-03-13-13-19-40/img/image_21.png -151.831057 -3.087521 -5.352659 [468.532776, 265.455231]
/mnt/gpid07/users/morros/VFOA/TRAYECTORIAS2020_03_13/M2020-03-13-13-19-40/img/image_22.png -148.449971 -2.316034 -5.253463 [444.186462, 273.600403]
/mnt/gpid07/users/morros/VFOA/TRAYECTORIAS2020_03_13/M2020-03-13-13-19-40/img/image_23.png -145.031017 -0.262752 -5.020314 [419.348938, 283.755432]
/mnt/gpid07/users/morros/VFOA/TRAYECTORIAS2020_03_13/M2020-03-13-13-19-40/img/image_24.png -141.886278 1.456868 -4.448929 [394.567169, 293.646545]
/mnt/gpid07/users/morros/VFOA/TRAYECTORIAS2020_03_13/M2020-03-13-13-19-40/img/image_25.png -135.763748 2.704437 -3.650962 [372.878754, 301.759766]
/mnt/gpid07/users/morros/VFOA/TRAYECTORIAS2020_03_13/M2020-03-13-13-19-40/img/image_26.png -125.557002 2.534541 -2.764363 [355.214386, 310.375275]
/mnt/gpid07/users/morros/VFOA/TRAYECTORIAS2020_03_13/M2020-03-13-13-19-40/img/image_27.png -114.700846 1.720980 -3.350540 [341.932434, 315.90564]
/mnt/gpid07/users/morros/VFOA/TRAYECTORIAS2020_03_13/M2020-03-13-13-19-40/img/image_28.png -105.139979 0.707857 -4.479541 [332.105042, 319.259796]
/mnt/gpid07/users/morros/VFOA/TRAYECTORIAS2020_03_13/M2020-03-13-13-19-40/img/image_29.png -97.476011 0.576769 -5.826618 [320.618591, 314.013977]
/mnt/gpid07/users/morros/VFOA/TRAYECTORIAS2020_03_13/M2020-03-13-13-19-40/img/image_30.png -91.767277 1.134712 -5.924014 [311.25351, 304.953552]
/mnt/gpid07/users/morros/VFOA/TRAYECTORIAS2020_03_13/M2020-03-13-13-19-40/img/image_31.png -89.103916 1.543774 -5.796891 [299.084229, 292.120514]
/mnt/gpid07/users/morros/VFOA/TRAYECTORIAS2020_03_13/M2020-03-13-13-19-40/img/image_32.png -84.533047 2.074898 -5.346793 [286.458344, 278.361969]
/mnt/gpid07/users/morros/VFOA/TRAYECTORIAS2020_03_13/M2020-03-13-13-19-40/img/image_33.png -81.446482 1.492318 -5.438924 [272.432526, 268.269623]
/mnt/gpid07/users/morros/VFOA/TRAYECTORIAS2020_03_13/M2020-03-13-13-19-40/img/image_34.png -79.611465 1.054063 -5.296345 [263.377441, 260.460022]
/mnt/gpid07/users/morros/VFOA/TRAYECTORIAS2020_03_13/M2020-03-13-13-19-40/img/image_35.png -79.571663 1.200123 -4.952276 [256.614197, 253.285294]
/mnt/gpid07/users/morros/VFOA/TRAYECTORIAS2020_03_13/M2020-03-13-13-19-40/img/image_36.png -80.687434 1.370958 -4.273307 [256.056732, 251.823257]
/mnt/gpid07/users/morros/VFOA/TRAYECTORIAS2020_03_13/M2020-03-13-13-19-40/img/image_37.png -83.939466 1.389599 -4.271793 [259.172638, 254.474152]
/mnt/gpid07/users/morros/VFOA/TRAYECTORIAS2020_03_13/M2020-03-13-13-19-40/img/image_38.png -89.119238 1.898361 -3.716448 [265.883545, 259.701691]
/mnt/gpid07/users/morros/VFOA/TRAYECTORIAS2020_03_13/M2020-03-13-13-19-40/img/image_39.png -97.759116 1.982774 -3.736868 [272.097137, 265.086273]
/mnt/gpid07/users/morros/VFOA/TRAYECTORIAS2020_03_13/M2020-03-13-13-19-40/img/image_40.png -105.918753 2.422391 -3.591319 [280.788879, 269.167847]
/mnt/gpid07/users/morros/VFOA/TRAYECTORIAS2020_03_13/M2020-03-13-13-19-40/img/image_41.png -113.836040 2.777839 -3.299522 [288.355011, 271.88269]
/mnt/gpid07/users/morros/VFOA/TRAYECTORIAS2020_03_13/M2020-03-13-13-19-40/img/image_42.png -119.650905 2.827324 -3.751245 [293.048035, 274.435669]
/mnt/gpid07/users/morros/VFOA/TRAYECTORIAS2020_03_13/M2020-03-13-13-19-40/img/image_43.png -124.226052 2.589281 -4.035964 [295.564484, 277.756104]
/mnt/gpid07/users/morros/VFOA/TRAYECTORIAS2020_03_13/M2020-03-13-13-19-40/img/image_44.png -128.017560 2.214916 -4.096466 [297.921844, 277.408478]
/mnt/gpid07/users/morros/VFOA/TRAYECTORIAS2020_03_13/M2020-03-13-13-19-40/img/image_45.png -131.076525 1.622672 -4.082151 [298.229156, 276.945923]
/mnt/gpid07/users/morros/VFOA/TRAYECTORIAS2020_03_13/M2020-03-13-13-19-40/img/image_46.png -133.381743 1.140168 -3.844772 [297.484222, 277.451813]
/mnt/gpid07/users/morros/VFOA/TRAYECTORIAS2020_03_13/M2020-03-13-13-19-40/img/image_47.png -136.275721 0.947246 -3.996963 [292.106232, 279.743988]
/mnt/gpid07/users/morros/VFOA/TRAYECTORIAS2020_03_13/M2020-03-13-13-19-40/img/image_48.png -138.023061 0.633919 -4.522698 [285.128571, 281.619629]
/mnt/gpid07/users/morros/VFOA/TRAYECTORIAS2020_03_13/M2020-03-13-13-19-40/img/image_49.png -137.958385 -0.334653 -4.314133 [276.072235, 279.719727]
/mnt/gpid07/users/morros/VFOA/TRAYECTORIAS2020_03_13/M2020-03-13-13-19-40/img/image_50.png -139.450246 -1.345420 -4.685010 [265.799896, 275.549774]
/mnt/gpid07/users/morros/VFOA/TRAYECTORIAS2020_03_13/M2020-03-13-13-19-40/img/image_51.png -140.113177 -2.359171 -5.519756 [256.011383, 272.105499]
/mnt/gpid07/users/morros/VFOA/TRAYECTORIAS2020_03_13/M2020-03-13-13-19-40/img/image_52.png -140.489063 -2.871177 -5.802204 [248.37999, 266.115112]
/mnt/gpid07/users/morros/VFOA/TRAYECTORIAS2020_03_13/M2020-03-13-13-19-40/img/image_53.png -139.515358 -2.762938 -5.424976 [244.135941, 256.698029]
/mnt/gpid07/users/morros/VFOA/TRAYECTORIAS2020_03_13/M2020-03-13-13-19-40/img/image_54.png -136.985617 -2.576736 -5.609591 [239.319672, 250.798431]
/mnt/gpid07/users/morros/VFOA/TRAYECTORIAS2020_03_13/M2020-03-13-13-19-40/img/image_55.png -137.871478 -3.732500 -5.815165 [235.945572, 247.852234]
/mnt/gpid07/users/morros/VFOA/TRAYECTORIAS2020_03_13/M2020-03-13-13-19-40/img/image_56.png -140.849249 -4.219644 -5.835040 [235.622584, 247.587148]
/mnt/gpid07/users/morros/VFOA/TRAYECTORIAS2020_03_13/M2020-03-13-13-19-40/img/image_57.png -146.952131 -3.625688 -5.071629 [228.774338, 244.992096]
/mnt/gpid07/users/morros/VFOA/TRAYECTORIAS2020_03_13/M2020-03-13-13-19-40/img/image_58.png -152.402342 -1.782944 -3.975611 [224.786179, 245.391495]
/mnt/gpid07/users/morros/VFOA/TRAYECTORIAS2020_03_13/M2020-03-13-13-19-40/img/image_59.png -153.390765 -0.884209 -3.171345 [219.291534, 245.674362]
/mnt/gpid07/users/morros/VFOA/TRAYECTORIAS2020_03_13/M2020-03-13-13-19-40/img/image_60.png -149.694887 -1.192161 -4.214293 [218.727005, 245.701484]
/mnt/gpid07/users/morros/VFOA/TRAYECTORIAS2020_03_13/M2020-03-13-13-19-40/img/image_61.png -142.430132 -1.711440 -5.207488 [209.486359, 260.181427]
/mnt/gpid07/users/morros/VFOA/TRAYECTORIAS2020_03_13/M2020-03-13-13-19-40/img/image_62.png -133.805495 -2.126237 -6.691943 [208.475533, 261.77395]
/mnt/gpid07/users/morros/VFOA/TRAYECTORIAS2020_03_13/M2020-03-13-13-19-40/img/image_63.png -122.317365 -2.002631 -6.422698 [198.420242, 269.191589]
/mnt/gpid07/users/morros/VFOA/TRAYECTORIAS2020_03_13/M2020-03-13-13-19-40/img/image_64.png -111.759328 -2.459171 -4.619113 [197.324269, 269.991605]
/mnt/gpid07/users/morros/VFOA/TRAYECTORIAS2020_03_13/M2020-03-13-13-19-40/img/image_65.png -100.848086 -3.230068 -3.823939 [197.304264, 270.00543]
/mnt/gpid07/users/morros/VFOA/TRAYECTORIAS2020_03_13/M2020-03-13-13-19-40/img/image_66.png -90.347369 -3.159501 -4.426480 [167.594788, 246.382751]
/mnt/gpid07/users/morros/VFOA/TRAYECTORIAS2020_03_13/M2020-03-13-13-19-40/img/image_67.png -84.088559 -2.723736 -4.871897 [159.706375, 244.505585]
/mnt/gpid07/users/morros/VFOA/TRAYECTORIAS2020_03_13/M2020-03-13-13-19-40/img/image_68.png -77.808565 -1.951429 -5.025681 [158.112137, 243.859299]
/mnt/gpid07/users/morros/VFOA/TRAYECTORIAS2020_03_13/M2020-03-13-13-19-40/img/image_69.png -71.452501 -1.216632 -4.294796 [160.666138, 237.647446]
/mnt/gpid07/users/morros/VFOA/TRAYECTORIAS2020_03_13/M2020-03-13-13-19-40/img/image_70.png -66.838730 -1.037493 -4.086781 [157.535019, 231.199249]
/mnt/gpid07/users/morros/VFOA/TRAYECTORIAS2020_03_13/M2020-03-13-13-19-40/img/image_71.png -63.010847 -0.559609 -3.956456 [155.827286, 218.42807]
/mnt/gpid07/users/morros/VFOA/TRAYECTORIAS2020_03_13/M2020-03-13-13-19-40/img/image_72.png -59.628018 -0.519990 -4.469154 [156.05867, 210.996506]
/mnt/gpid07/users/morros/VFOA/TRAYECTORIAS2020_03_13/M2020-03-13-13-19-40/img/image_73.png -56.536347 -0.926240 -5.264608 [152.951324, 201.276627]
/mnt/gpid07/users/morros/VFOA/TRAYECTORIAS2020_03_13/M2020-03-13-13-19-40/img/image_74.png -52.425579 -0.721524 -5.089002 [153.578857, 196.549866]
/mnt/gpid07/users/morros/VFOA/TRAYECTORIAS2020_03_13/M2020-03-13-13-19-40/img/image_75.png -46.576560 0.334282 -3.443443 [158.419754, 195.259842]
/mnt/gpid07/users/morros/VFOA/TRAYECTORIAS2020_03_13/M2020-03-13-13-19-40/img/image_76.png -44.183490 0.578909 -2.179281 [165.876678, 198.863037]
/mnt/gpid07/users/morros/VFOA/TRAYECTORIAS2020_03_13/M2020-03-13-13-19-40/img/image_77.png -43.671944 0.453992 -2.030727 [166.648531, 199.272289]
/mnt/gpid07/users/morros/VFOA/TRAYECTORIAS2020_03_13/M2020-03-13-13-19-40/img/image_78.png -43.917569 1.278519 -2.391767 [166.658866, 199.281275]
/mnt/gpid07/users/morros/VFOA/TRAYECTORIAS2020_03_13/M2020-03-13-13-19-40/img/image_79.png -45.777480 1.516041 -3.381544 [166.652284, 199.27817]
/mnt/gpid07/users/morros/VFOA/TRAYECTORIAS2020_03_13/M2020-03-13-13-19-40/img/image_80.png -46.395978 2.060262 -3.998786 [190.871384, 205.829422]
/mnt/gpid07/users/morros/VFOA/TRAYECTORIAS2020_03_13/M2020-03-13-13-19-40/img/image_81.png -47.256045 1.727225 -4.036739 [193.53555, 206.550091]
/mnt/gpid07/users/morros/VFOA/TRAYECTORIAS2020_03_13/M2020-03-13-13-19-40/img/image_82.png -47.224163 1.800171 -3.865388 [193.586418, 206.563852]
/mnt/gpid07/users/morros/VFOA/TRAYECTORIAS2020_03_13/M2020-03-13-13-19-40/img/image_83.png -46.120607 1.663109 -3.687955 [177.574219, 203.295868]
/mnt/gpid07/users/morros/VFOA/TRAYECTORIAS2020_03_13/M2020-03-13-13-19-40/img/image_84.png -43.281911 1.495359 -3.355898 [166.005295, 205.967697]
/mnt/gpid07/users/morros/VFOA/TRAYECTORIAS2020_03_13/M2020-03-13-13-19-40/img/image_85.png -38.411714 0.886100 -3.067050 [156.79628, 206.782166]
/mnt/gpid07/users/morros/VFOA/TRAYECTORIAS2020_03_13/M2020-03-13-13-19-40/img/image_86.png -33.163582 0.356738 -4.045783 [155.898978, 206.845039]
/mnt/gpid07/users/morros/VFOA/TRAYECTORIAS2020_03_13/M2020-03-13-13-19-40/img/image_87.png -28.203873 0.124214 -4.530650 [144.967697, 202.708038]
/mnt/gpid07/users/morros/VFOA/TRAYECTORIAS2020_03_13/M2020-03-13-13-19-40/img/image_88.png -22.823978 0.338247 -4.730505 [143.774229, 202.25234]
/mnt/gpid07/users/morros/VFOA/TRAYECTORIAS2020_03_13/M2020-03-13-13-19-40/img/image_89.png -17.829305 -0.119823 -4.460034 [143.752261, 202.243583]
/mnt/gpid07/users/morros/VFOA/TRAYECTORIAS2020_03_13/M2020-03-13-13-19-40/img/image_90.png -10.808856 -0.756894 -4.460490 [143.761779, 202.247176]
/mnt/gpid07/users/morros/VFOA/TRAYECTORIAS2020_03_13/M2020-03-13-13-19-40/img/image_91.png -3.931974 -0.881740 -4.140874 [143.763045, 202.247659]
/mnt/gpid07/users/morros/VFOA/TRAYECTORIAS2020_03_13/M2020-03-13-13-19-40/img/image_92.png 2.388746 -0.227289 -3.118999 [143.76309, 202.247676]
/mnt/gpid07/users/morros/VFOA/TRAYECTORIAS2020_03_13/M2020-03-13-13-19-40/img/image_93.png 8.665412 0.377037 -2.656328 [134.140411, 211.470352]
/mnt/gpid07/users/morros/VFOA/TRAYECTORIAS2020_03_13/M2020-03-13-13-19-40/img/image_94.png 13.593882 0.798585 -2.660426 [130.76564, 213.099121]
/mnt/gpid07/users/morros/VFOA/TRAYECTORIAS2020_03_13/M2020-03-13-13-19-40/img/image_95.png 17.550843 0.777733 -3.092709 [128.871948, 212.576508]
/mnt/gpid07/users/morros/VFOA/TRAYECTORIAS2020_03_13/M2020-03-13-13-19-40/img/image_96.png 20.330751 -0.260151 -3.309570 [126.959869, 215.277328]
/mnt/gpid07/users/morros/VFOA/TRAYECTORIAS2020_03_13/M2020-03-13-13-19-40/img/image_97.png 22.705195 -1.598613 -2.751254 [129.919586, 215.945496]
/mnt/gpid07/users/morros/VFOA/TRAYECTORIAS2020_03_13/M2020-03-13-13-19-40/img/image_98.png 23.420458 -2.508258 -2.432573 [140.159119, 219.329285]
/mnt/gpid07/users/morros/VFOA/TRAYECTORIAS2020_03_13/M2020-03-13-13-19-40/img/image_99.png 25.869771 -2.284685 -1.414341 [156.024734, 217.389664]
/mnt/gpid07/users/morros/VFOA/TRAYECTORIAS2020_03_13/M2020-03-13-13-19-40/img/image_100.png 27.530705 -1.752612 -1.270156 [171.310852, 213.409607]
/mnt/gpid07/users/morros/VFOA/TRAYECTORIAS2020_03_13/M2020-03-13-13-19-40/img/image_101.png 27.362861 -0.882670 -1.134797 [192.146545, 212.137726]
/mnt/gpid07/users/morros/VFOA/TRAYECTORIAS2020_03_13/M2020-03-13-13-19-40/img/image_102.png 29.101587 0.324552 -1.480633 [210.963409, 207.767059]
/mnt/gpid07/users/morros/VFOA/TRAYECTORIAS2020_03_13/M2020-03-13-13-19-40/img/image_103.png 27.191205 1.357392 -3.848326 [226.688263, 204.212555]
/mnt/gpid07/users/morros/VFOA/TRAYECTORIAS2020_03_13/M2020-03-13-13-19-40/img/image_104.png 25.472809 1.468017 -4.184413 [243.351074, 198.315979]
/mnt/gpid07/users/morros/VFOA/TRAYECTORIAS2020_03_13/M2020-03-13-13-19-40/img/image_105.png 25.612809 0.684349 -3.954117 [258.678802, 194.255844]
/mnt/gpid07/users/morros/VFOA/TRAYECTORIAS2020_03_13/M2020-03-13-13-19-40/img/image_106.png 26.330694 0.076460 -3.337050 [269.456055, 189.274918]
/mnt/gpid07/users/morros/VFOA/TRAYECTORIAS2020_03_13/M2020-03-13-13-19-40/img/image_107.png 25.007539 -0.411505 -3.921878 [281.410187, 188.959595]
/mnt/gpid07/users/morros/VFOA/TRAYECTORIAS2020_03_13/M2020-03-13-13-19-40/img/image_108.png 22.077732 -0.423531 -3.963268 [299.222717, 196.155472]
/mnt/gpid07/users/morros/VFOA/TRAYECTORIAS2020_03_13/M2020-03-13-13-19-40/img/image_109.png 20.428050 0.204635 -3.178459 [320.23407, 206.939011]
/mnt/gpid07/users/morros/VFOA/TRAYECTORIAS2020_03_13/M2020-03-13-13-19-40/img/image_110.png 20.441062 0.120583 -2.754069 [322.367193, 208.053241]
/mnt/gpid07/users/morros/VFOA/TRAYECTORIAS2020_03_13/M2020-03-13-13-19-40/img/image_111.png 20.749064 0.187087 -2.991960 [369.286194, 239.535904]
/mnt/gpid07/users/morros/VFOA/TRAYECTORIAS2020_03_13/M2020-03-13-13-19-40/img/image_112.png 20.818181 -0.022782 -2.897661 [393.249817, 247.546829]
/mnt/gpid07/users/morros/VFOA/TRAYECTORIAS2020_03_13/M2020-03-13-13-19-40/img/image_113.png 21.920383 0.019773 -2.388886 [410.690186, 250.202423]
/mnt/gpid07/users/morros/VFOA/TRAYECTORIAS2020_03_13/M2020-03-13-13-19-40/img/image_114.png 19.303956 -6.210933 -3.636682 [426.362823, 254.237778]
/mnt/gpid07/users/morros/VFOA/TRAYECTORIAS2020_03_13/M2020-03-13-13-19-40/img/image_115.png 17.942623 -19.283520 -5.608104 [440.485504, 255.938141]
/mnt/gpid07/users/morros/VFOA/TRAYECTORIAS2020_03_13/M2020-03-13-13-19-40/img/image_116.png 21.399365 -31.627101 -7.654357 [459.642609, 253.517395]
/mnt/gpid07/users/morros/VFOA/TRAYECTORIAS2020_03_13/M2020-03-13-13-19-40/img/image_117.png 25.405541 -43.465440 -9.799045 [486.514465, 245.122253]
/mnt/gpid07/users/morros/VFOA/TRAYECTORIAS2020_03_13/M2020-03-13-13-19-40/img/image_118.png 24.880688 -62.036572 -3.980353 [518.246033, 240.14537]
/mnt/gpid07/users/morros/VFOA/TRAYECTORIAS2020_03_13/M2020-03-13-13-19-40/img/image_119.png 66.294195 -77.545217 -41.486655 [546.258118, 231.180405]
/mnt/gpid07/users/morros/VFOA/TRAYECTORIAS2020_03_13/M2020-03-13-13-19-40/img/image_120.png 165.226323 -76.172990 -129.490952 [549.022131, 230.244027]
