/mnt/gpid07/users/morros/VFOA/TRAYECTORIAS2020_03_13/M2020-03-13-13-18-56/img/image_16.png -162.330907 -6.000232 -0.144341 [576.191406, 282.224701]
/mnt/gpid07/users/morros/VFOA/TRAYECTORIAS2020_03_13/M2020-03-13-13-18-56/img/image_17.png -166.371149 -6.429507 -0.190202 [559.278625, 274.96701]
/mnt/gpid07/users/morros/VFOA/TRAYECTORIAS2020_03_13/M2020-03-13-13-18-56/img/image_18.png -169.420201 -5.979032 -0.243262 [543.312683, 269.156952]
/mnt/gpid07/users/morros/VFOA/TRAYECTORIAS2020_03_13/M2020-03-13-13-18-56/img/image_19.png -174.151728 -5.738244 -0.929774 [532.705811, 267.099854]
/mnt/gpid07/users/morros/VFOA/TRAYECTORIAS2020_03_13/M2020-03-13-13-18-56/img/image_20.png -178.193069 -5.636379 -1.758121 [519.937927, 269.917603]
/mnt/gpid07/users/morros/VFOA/TRAYECTORIAS2020_03_13/M2020-03-13-13-18-56/img/image_21.png 178.564392 -7.375328 -2.076084 [502.538025, 273.507324]
/mnt/gpid07/users/morros/VFOA/TRAYECTORIAS2020_03_13/M2020-03-13-13-18-56/img/image_22.png 175.958145 -9.580744 -1.737656 [481.271057, 283.568054]
/mnt/gpid07/users/morros/VFOA/TRAYECTORIAS2020_03_13/M2020-03-13-13-18-56/img/image_23.png 176.445276 -11.288229 -1.854810 [459.050446, 293.269745]
/mnt/gpid07/users/morros/VFOA/TRAYECTORIAS2020_03_13/M2020-03-13-13-18-56/img/image_24.png 176.615502 -14.521822 -2.417595 [441.779419, 303.637421]
/mnt/gpid07/users/morros/VFOA/TRAYECTORIAS2020_03_13/M2020-03-13-13-18-56/img/image_25.png 176.230615 -18.981025 -2.892269 [428.622284, 313.087372]
/mnt/gpid07/users/morros/VFOA/TRAYECTORIAS2020_03_13/M2020-03-13-13-18-56/img/image_26.png 176.084166 -21.307617 -3.438548 [414.991791, 318.091858]
/mnt/gpid07/users/morros/VFOA/TRAYECTORIAS2020_03_13/M2020-03-13-13-18-56/img/image_27.png 176.174986 -20.867419 -3.320225 [407.389832, 320.236115]
/mnt/gpid07/users/morros/VFOA/TRAYECTORIAS2020_03_13/M2020-03-13-13-18-56/img/image_28.png 176.420724 -19.657433 -3.327948 [405.437744, 319.813812]
/mnt/gpid07/users/morros/VFOA/TRAYECTORIAS2020_03_13/M2020-03-13-13-18-56/img/image_29.png 176.231120 -19.342776 -3.543384 [403.022827, 313.485291]
/mnt/gpid07/users/morros/VFOA/TRAYECTORIAS2020_03_13/M2020-03-13-13-18-56/img/image_30.png 175.637538 -18.922496 -3.444785 [397.246552, 305.913635]
/mnt/gpid07/users/morros/VFOA/TRAYECTORIAS2020_03_13/M2020-03-13-13-18-56/img/image_31.png 176.028332 -15.632485 -3.073109 [394.911407, 299.039459]
/mnt/gpid07/users/morros/VFOA/TRAYECTORIAS2020_03_13/M2020-03-13-13-18-56/img/image_32.png 176.831405 -11.472621 -2.375305 [393.940918, 298.32724]
/mnt/gpid07/users/morros/VFOA/TRAYECTORIAS2020_03_13/M2020-03-13-13-18-56/img/image_33.png 177.079149 -8.669135 -1.885667 [397.043488, 297.574524]
/mnt/gpid07/users/morros/VFOA/TRAYECTORIAS2020_03_13/M2020-03-13-13-18-56/img/image_34.png 176.964762 -6.461186 -1.705301 [397.15567, 297.461487]
/mnt/gpid07/users/morros/VFOA/TRAYECTORIAS2020_03_13/M2020-03-13-13-18-56/img/image_35.png 176.526213 -6.164349 -1.605300 [394.863922, 298.090698]
/mnt/gpid07/users/morros/VFOA/TRAYECTORIAS2020_03_13/M2020-03-13-13-18-56/img/image_36.png 176.022122 -7.285836 -1.778383 [396.818085, 302.074707]
/mnt/gpid07/users/morros/VFOA/TRAYECTORIAS2020_03_13/M2020-03-13-13-18-56/img/image_37.png 176.673919 -8.939512 -1.217219 [401.525665, 308.29953]
/mnt/gpid07/users/morros/VFOA/TRAYECTORIAS2020_03_13/M2020-03-13-13-18-56/img/image_38.png 179.014604 -10.161430 -0.799281 [404.618317, 315.019775]
/mnt/gpid07/users/morros/VFOA/TRAYECTORIAS2020_03_13/M2020-03-13-13-18-56/img/image_39.png -178.344764 -10.645867 -0.966126 [403.999817, 320.602448]
/mnt/gpid07/users/morros/VFOA/TRAYECTORIAS2020_03_13/M2020-03-13-13-18-56/img/image_40.png -177.508009 -10.286074 -2.136729 [399.062347, 325.309479]
/mnt/gpid07/users/morros/VFOA/TRAYECTORIAS2020_03_13/M2020-03-13-13-18-56/img/image_41.png -177.836011 -10.413920 -3.277687 [389.99765, 327.311096]
/mnt/gpid07/users/morros/VFOA/TRAYECTORIAS2020_03_13/M2020-03-13-13-18-56/img/image_42.png -176.798380 -10.486686 -3.622937 [378.609558, 327.221649]
/mnt/gpid07/users/morros/VFOA/TRAYECTORIAS2020_03_13/M2020-03-13-13-18-56/img/image_43.png -176.701622 -11.907856 -3.630720 [364.317657, 324.267151]
/mnt/gpid07/users/morros/VFOA/TRAYECTORIAS2020_03_13/M2020-03-13-13-18-56/img/image_44.png -176.520467 -13.076319 -3.648342 [362.859429, 323.943051]
/mnt/gpid07/users/morros/VFOA/TRAYECTORIAS2020_03_13/M2020-03-13-13-18-56/img/image_45.png -177.924294 -13.138861 -3.652403 [333.50177, 298.560303]
/mnt/gpid07/users/morros/VFOA/TRAYECTORIAS2020_03_13/M2020-03-13-13-18-56/img/image_46.png 177.996232 -14.485529 -4.026012 [315.767395, 278.323792]
/mnt/gpid07/users/morros/VFOA/TRAYECTORIAS2020_03_13/M2020-03-13-13-18-56/img/image_47.png 176.809116 -16.791951 -4.098385 [297.906921, 259.811066]
/mnt/gpid07/users/morros/VFOA/TRAYECTORIAS2020_03_13/M2020-03-13-13-18-56/img/image_48.png 173.541128 -20.189192 -3.796443 [283.710297, 247.285385]
/mnt/gpid07/users/morros/VFOA/TRAYECTORIAS2020_03_13/M2020-03-13-13-18-56/img/image_49.png 173.017395 -24.121742 -3.714929 [282.327273, 246.092688]
/mnt/gpid07/users/morros/VFOA/TRAYECTORIAS2020_03_13/M2020-03-13-13-18-56/img/image_50.png 171.266295 -28.015216 -3.447228 [262.275879, 241.685089]
/mnt/gpid07/users/morros/VFOA/TRAYECTORIAS2020_03_13/M2020-03-13-13-18-56/img/image_51.png 171.141922 -29.939604 -3.293154 [249.408279, 244.782364]
/mnt/gpid07/users/morros/VFOA/TRAYECTORIAS2020_03_13/M2020-03-13-13-18-56/img/image_52.png 170.609508 -32.380239 -3.033907 [237.312408, 245.962708]
/mnt/gpid07/users/morros/VFOA/TRAYECTORIAS2020_03_13/M2020-03-13-13-18-56/img/image_53.png 170.754157 -32.810548 -2.696115 [225.65213, 246.208359]
/mnt/gpid07/users/morros/VFOA/TRAYECTORIAS2020_03_13/M2020-03-13-13-18-56/img/image_54.png 170.663781 -33.222235 -2.711484 [215.360519, 242.768021]
/mnt/gpid07/users/morros/VFOA/TRAYECTORIAS2020_03_13/M2020-03-13-13-18-56/img/image_56.png 171.612045 -33.681205 -3.411401 [190.05069, 233.385559]
/mnt/gpid07/users/morros/VFOA/TRAYECTORIAS2020_03_13/M2020-03-13-13-18-56/img/image_57.png 171.652493 -33.982787 -3.311138 [194.673798, 232.958633]
/mnt/gpid07/users/morros/VFOA/TRAYECTORIAS2020_03_13/M2020-03-13-13-18-56/img/image_58.png 171.885372 -34.032980 -3.187946 [188.387497, 233.483047]
/mnt/gpid07/users/morros/VFOA/TRAYECTORIAS2020_03_13/M2020-03-13-13-18-56/img/image_59.png 172.118934 -33.919717 -3.183734 [193.594193, 231.583481]
/mnt/gpid07/users/morros/VFOA/TRAYECTORIAS2020_03_13/M2020-03-13-13-18-56/img/image_60.png 173.615184 -30.875826 -3.441482 [182.872101, 230.91394]
/mnt/gpid07/users/morros/VFOA/TRAYECTORIAS2020_03_13/M2020-03-13-13-18-56/img/image_61.png 176.359329 -26.023848 -3.253902 [192.082733, 229.532593]
/mnt/gpid07/users/morros/VFOA/TRAYECTORIAS2020_03_13/M2020-03-13-13-18-56/img/image_62.png -179.980513 -20.923329 -3.473540 [178.416138, 226.050079]
/mnt/gpid07/users/morros/VFOA/TRAYECTORIAS2020_03_13/M2020-03-13-13-18-56/img/image_63.png -177.726018 -16.778003 -3.502477 [187.329544, 226.607468]
/mnt/gpid07/users/morros/VFOA/TRAYECTORIAS2020_03_13/M2020-03-13-13-18-56/img/image_64.png -175.267148 -12.335747 -3.452026 [189.664856, 224.807343]
/mnt/gpid07/users/morros/VFOA/TRAYECTORIAS2020_03_13/M2020-03-13-13-18-56/img/image_65.png -172.873962 -9.165553 -3.301175 [193.159088, 226.832733]
/mnt/gpid07/users/morros/VFOA/TRAYECTORIAS2020_03_13/M2020-03-13-13-18-56/img/image_66.png -168.642796 -7.445159 -2.800615 [202.332809, 232.201248]
/mnt/gpid07/users/morros/VFOA/TRAYECTORIAS2020_03_13/M2020-03-13-13-18-56/img/image_67.png -162.132557 -8.964727 -2.901390 [203.306976, 232.771531]
/mnt/gpid07/users/morros/VFOA/TRAYECTORIAS2020_03_13/M2020-03-13-13-18-56/img/image_68.png -154.124600 -9.685946 -3.232164 [217.759155, 233.793381]
/mnt/gpid07/users/morros/VFOA/TRAYECTORIAS2020_03_13/M2020-03-13-13-18-56/img/image_69.png -149.235556 -8.846492 -2.758076 [227.099136, 237.481094]
/mnt/gpid07/users/morros/VFOA/TRAYECTORIAS2020_03_13/M2020-03-13-13-18-56/img/image_70.png -144.541542 -7.685156 -2.576803 [237.401917, 237.800964]
/mnt/gpid07/users/morros/VFOA/TRAYECTORIAS2020_03_13/M2020-03-13-13-18-56/img/image_71.png -143.724675 -6.887573 -2.931155 [243.093781, 238.661545]
/mnt/gpid07/users/morros/VFOA/TRAYECTORIAS2020_03_13/M2020-03-13-13-18-56/img/image_72.png -142.842091 -6.715391 -2.997294 [241.015488, 238.090668]
/mnt/gpid07/users/morros/VFOA/TRAYECTORIAS2020_03_13/M2020-03-13-13-18-56/img/image_73.png -142.424407 -7.801904 -3.443586 [242.817032, 238.594055]
/mnt/gpid07/users/morros/VFOA/TRAYECTORIAS2020_03_13/M2020-03-13-13-18-56/img/image_74.png -140.235435 -9.056201 -3.287427 [245.847137, 246.713486]
/mnt/gpid07/users/morros/VFOA/TRAYECTORIAS2020_03_13/M2020-03-13-13-18-56/img/image_75.png -136.207847 -10.085721 -3.556274 [243.39621, 257.791656]
/mnt/gpid07/users/morros/VFOA/TRAYECTORIAS2020_03_13/M2020-03-13-13-18-56/img/image_76.png -130.353405 -10.040520 -3.217790 [240.389374, 265.787781]
/mnt/gpid07/users/morros/VFOA/TRAYECTORIAS2020_03_13/M2020-03-13-13-18-56/img/image_77.png -125.602857 -10.619317 -2.677269 [238.825333, 274.461609]
/mnt/gpid07/users/morros/VFOA/TRAYECTORIAS2020_03_13/M2020-03-13-13-18-56/img/image_78.png -121.755033 -11.085299 -2.451949 [235.996063, 281.303253]
/mnt/gpid07/users/morros/VFOA/TRAYECTORIAS2020_03_13/M2020-03-13-13-18-56/img/image_79.png -117.525057 -12.868095 -2.125524 [235.700484, 281.969096]
/mnt/gpid07/users/morros/VFOA/TRAYECTORIAS2020_03_13/M2020-03-13-13-18-56/img/image_80.png -115.226334 -14.683129 -2.931310 [235.696263, 281.973922]
/mnt/gpid07/users/morros/VFOA/TRAYECTORIAS2020_03_13/M2020-03-13-13-18-56/img/image_81.png -111.255059 -14.729607 -3.110059 [235.698754, 281.967794]
/mnt/gpid07/users/morros/VFOA/TRAYECTORIAS2020_03_13/M2020-03-13-13-18-56/img/image_82.png -108.628440 -15.487136 -3.165927 [227.16449, 283.798615]
/mnt/gpid07/users/morros/VFOA/TRAYECTORIAS2020_03_13/M2020-03-13-13-18-56/img/image_83.png -106.705975 -16.310744 -3.312020 [224.339905, 275.597626]
/mnt/gpid07/users/morros/VFOA/TRAYECTORIAS2020_03_13/M2020-03-13-13-18-56/img/image_84.png -106.835088 -16.517228 -3.699481 [221.00531, 266.178802]
/mnt/gpid07/users/morros/VFOA/TRAYECTORIAS2020_03_13/M2020-03-13-13-18-56/img/image_85.png -106.846648 -15.916506 -4.111389 [216.948685, 260.104584]
/mnt/gpid07/users/morros/VFOA/TRAYECTORIAS2020_03_13/M2020-03-13-13-18-56/img/image_86.png -108.512142 -17.128716 -4.341374 [215.991302, 252.899506]
/mnt/gpid07/users/morros/VFOA/TRAYECTORIAS2020_03_13/M2020-03-13-13-18-56/img/image_87.png -108.565386 -19.757810 -4.948027 [216.961258, 248.485657]
/mnt/gpid07/users/morros/VFOA/TRAYECTORIAS2020_03_13/M2020-03-13-13-18-56/img/image_88.png -109.221768 -22.381953 -4.950344 [213.427689, 243.593414]
/mnt/gpid07/users/morros/VFOA/TRAYECTORIAS2020_03_13/M2020-03-13-13-18-56/img/image_89.png -110.547955 -26.066607 -4.839542 [212.940033, 242.831146]
/mnt/gpid07/users/morros/VFOA/TRAYECTORIAS2020_03_13/M2020-03-13-13-18-56/img/image_90.png -111.105419 -29.181828 -4.250939 [216.257446, 242.024765]
/mnt/gpid07/users/morros/VFOA/TRAYECTORIAS2020_03_13/M2020-03-13-13-18-56/img/image_91.png -111.788585 -30.790398 -4.519464 [219.591721, 248.631775]
/mnt/gpid07/users/morros/VFOA/TRAYECTORIAS2020_03_13/M2020-03-13-13-18-56/img/image_92.png -112.439560 -31.411935 -5.024680 [221.524841, 257.375732]
/mnt/gpid07/users/morros/VFOA/TRAYECTORIAS2020_03_13/M2020-03-13-13-18-56/img/image_93.png -112.915283 -32.458632 -5.602730 [222.660782, 265.841217]
/mnt/gpid07/users/morros/VFOA/TRAYECTORIAS2020_03_13/M2020-03-13-13-18-56/img/image_94.png -112.809688 -32.714182 -5.584331 [220.09108, 273.793243]
/mnt/gpid07/users/morros/VFOA/TRAYECTORIAS2020_03_13/M2020-03-13-13-18-56/img/image_95.png -113.120679 -33.072528 -5.520002 [219.118164, 279.717316]
/mnt/gpid07/users/morros/VFOA/TRAYECTORIAS2020_03_13/M2020-03-13-13-18-56/img/image_96.png -113.003348 -32.709210 -5.594172 [215.274445, 284.409271]
/mnt/gpid07/users/morros/VFOA/TRAYECTORIAS2020_03_13/M2020-03-13-13-18-56/img/image_97.png -113.032184 -32.329551 -5.810653 [211.824005, 280.963898]
/mnt/gpid07/users/morros/VFOA/TRAYECTORIAS2020_03_13/M2020-03-13-13-18-56/img/image_98.png -112.916745 -32.034225 -5.789544 [212.766357, 281.446045]
/mnt/gpid07/users/morros/VFOA/TRAYECTORIAS2020_03_13/M2020-03-13-13-18-56/img/image_99.png -112.844168 -31.770839 -5.553975 [213.237213, 281.832794]
/mnt/gpid07/users/morros/VFOA/TRAYECTORIAS2020_03_13/M2020-03-13-13-18-56/img/image_100.png -112.796189 -31.576415 -5.495603 [212.254776, 280.692505]
/mnt/gpid07/users/morros/VFOA/TRAYECTORIAS2020_03_13/M2020-03-13-13-18-56/img/image_101.png -113.154373 -31.650458 -5.403239 [211.384567, 283.399963]
/mnt/gpid07/users/morros/VFOA/TRAYECTORIAS2020_03_13/M2020-03-13-13-18-56/img/image_102.png -113.463932 -31.005694 -5.318399 [211.852188, 284.782074]
/mnt/gpid07/users/morros/VFOA/TRAYECTORIAS2020_03_13/M2020-03-13-13-18-56/img/image_103.png -113.998383 -27.933434 -4.840559 [215.527832, 288.031464]
/mnt/gpid07/users/morros/VFOA/TRAYECTORIAS2020_03_13/M2020-03-13-13-18-56/img/image_104.png -113.464675 -21.968672 -4.343495 [211.451218, 283.413086]
/mnt/gpid07/users/morros/VFOA/TRAYECTORIAS2020_03_13/M2020-03-13-13-18-56/img/image_105.png -110.193308 -12.675662 -4.425643 [212.456146, 284.360016]
/mnt/gpid07/users/morros/VFOA/TRAYECTORIAS2020_03_13/M2020-03-13-13-18-56/img/image_106.png -107.533274 -7.011689 -4.208887 [212.450714, 284.817078]
/mnt/gpid07/users/morros/VFOA/TRAYECTORIAS2020_03_13/M2020-03-13-13-18-56/img/image_107.png -104.805853 -4.411100 -4.080842 [212.869507, 284.956146]
/mnt/gpid07/users/morros/VFOA/TRAYECTORIAS2020_03_13/M2020-03-13-13-18-56/img/image_108.png -101.883690 -3.691588 -4.257971 [217.662918, 282.078644]
/mnt/gpid07/users/morros/VFOA/TRAYECTORIAS2020_03_13/M2020-03-13-13-18-56/img/image_109.png -96.903799 -4.924671 -4.522135 [229.494568, 279.250854]
/mnt/gpid07/users/morros/VFOA/TRAYECTORIAS2020_03_13/M2020-03-13-13-18-56/img/image_110.png -88.680579 -6.633629 -3.508729 [244.24437, 269.41568]
/mnt/gpid07/users/morros/VFOA/TRAYECTORIAS2020_03_13/M2020-03-13-13-18-56/img/image_111.png -76.834412 -7.204587 -2.333369 [263.549408, 261.128143]
/mnt/gpid07/users/morros/VFOA/TRAYECTORIAS2020_03_13/M2020-03-13-13-18-56/img/image_112.png -68.245533 -8.853228 -2.722088 [275.110931, 256.608978]
/mnt/gpid07/users/morros/VFOA/TRAYECTORIAS2020_03_13/M2020-03-13-13-18-56/img/image_113.png -59.371886 -10.012484 -3.003948 [281.360443, 255.978149]
/mnt/gpid07/users/morros/VFOA/TRAYECTORIAS2020_03_13/M2020-03-13-13-18-56/img/image_114.png -51.693927 -9.727914 -3.643780 [283.956512, 259.28949]
/mnt/gpid07/users/morros/VFOA/TRAYECTORIAS2020_03_13/M2020-03-13-13-18-56/img/image_115.png -45.548538 -9.351851 -3.402702 [283.957947, 267.084808]
/mnt/gpid07/users/morros/VFOA/TRAYECTORIAS2020_03_13/M2020-03-13-13-18-56/img/image_116.png -40.119007 -9.525496 -2.949698 [282.701477, 271.797577]
/mnt/gpid07/users/morros/VFOA/TRAYECTORIAS2020_03_13/M2020-03-13-13-18-56/img/image_117.png -36.215993 -10.751066 -2.512532 [273.50827, 274.611328]
/mnt/gpid07/users/morros/VFOA/TRAYECTORIAS2020_03_13/M2020-03-13-13-18-56/img/image_118.png -32.650123 -10.799291 -2.362493 [263.625214, 277.998199]
/mnt/gpid07/users/morros/VFOA/TRAYECTORIAS2020_03_13/M2020-03-13-13-18-56/img/image_119.png -30.114419 -10.465774 -2.224608 [262.580597, 278.873138]
/mnt/gpid07/users/morros/VFOA/TRAYECTORIAS2020_03_13/M2020-03-13-13-18-56/img/image_120.png -28.358326 -9.573808 -2.549668 [269.985229, 273.40979]
/mnt/gpid07/users/morros/VFOA/TRAYECTORIAS2020_03_13/M2020-03-13-13-18-56/img/image_121.png -27.297220 -9.304485 -2.389849 [279.40683, 272.817413]
/mnt/gpid07/users/morros/VFOA/TRAYECTORIAS2020_03_13/M2020-03-13-13-18-56/img/image_122.png -24.984032 -10.276803 -2.669282 [295.625702, 271.440338]
/mnt/gpid07/users/morros/VFOA/TRAYECTORIAS2020_03_13/M2020-03-13-13-18-56/img/image_123.png -22.083589 -11.643261 -2.736064 [318.112671, 265.216522]
/mnt/gpid07/users/morros/VFOA/TRAYECTORIAS2020_03_13/M2020-03-13-13-18-56/img/image_124.png -17.288301 -11.649475 -2.846159 [336.415558, 257.035858]
/mnt/gpid07/users/morros/VFOA/TRAYECTORIAS2020_03_13/M2020-03-13-13-18-56/img/image_125.png -12.879861 -10.768615 -3.028101 [338.204006, 256.198223]
/mnt/gpid07/users/morros/VFOA/TRAYECTORIAS2020_03_13/M2020-03-13-13-18-56/img/image_126.png -9.728120 -9.040638 -3.448542 [363.805664, 242.471451]
/mnt/gpid07/users/morros/VFOA/TRAYECTORIAS2020_03_13/M2020-03-13-13-18-56/img/image_127.png -6.929047 -6.860764 -2.517559 [366.603962, 240.969882]
/mnt/gpid07/users/morros/VFOA/TRAYECTORIAS2020_03_13/M2020-03-13-13-18-56/img/image_128.png -4.707430 -6.037080 -1.660190 [366.655758, 240.941977]
/mnt/gpid07/users/morros/VFOA/TRAYECTORIAS2020_03_13/M2020-03-13-13-18-56/img/image_129.png -2.409516 -5.968769 -1.473034 [389.745758, 241.841599]
/mnt/gpid07/users/morros/VFOA/TRAYECTORIAS2020_03_13/M2020-03-13-13-18-56/img/image_130.png -3.974225 -6.601391 -2.462695 [392.28514, 241.940836]
/mnt/gpid07/users/morros/VFOA/TRAYECTORIAS2020_03_13/M2020-03-13-13-18-56/img/image_131.png -6.576681 -7.432806 -3.405427 [388.976074, 255.159103]
/mnt/gpid07/users/morros/VFOA/TRAYECTORIAS2020_03_13/M2020-03-13-13-18-56/img/image_132.png -10.188292 -9.448951 -3.892760 [389.011353, 262.229553]
/mnt/gpid07/users/morros/VFOA/TRAYECTORIAS2020_03_13/M2020-03-13-13-18-56/img/image_133.png -11.442875 -9.424987 -3.431767 [391.835358, 268.201813]
/mnt/gpid07/users/morros/VFOA/TRAYECTORIAS2020_03_13/M2020-03-13-13-18-56/img/image_134.png -14.403702 -9.320395 -2.820133 [395.516266, 277.111237]
/mnt/gpid07/users/morros/VFOA/TRAYECTORIAS2020_03_13/M2020-03-13-13-18-56/img/image_135.png -17.051076 -8.451866 -2.305614 [399.346344, 286.34137]
/mnt/gpid07/users/morros/VFOA/TRAYECTORIAS2020_03_13/M2020-03-13-13-18-56/img/image_136.png -21.414323 -8.221236 -2.029081 [399.730844, 287.26759]
/mnt/gpid07/users/morros/VFOA/TRAYECTORIAS2020_03_13/M2020-03-13-13-18-56/img/image_137.png -25.559850 -9.251346 -2.235625 [409.472809, 294.52652]
/mnt/gpid07/users/morros/VFOA/TRAYECTORIAS2020_03_13/M2020-03-13-13-18-56/img/image_138.png -29.905788 -10.770542 -2.327925 [419.86203, 291.021271]
/mnt/gpid07/users/morros/VFOA/TRAYECTORIAS2020_03_13/M2020-03-13-13-18-56/img/image_139.png -32.583384 -11.635223 -1.866909 [435.623505, 282.38501]
/mnt/gpid07/users/morros/VFOA/TRAYECTORIAS2020_03_13/M2020-03-13-13-18-56/img/image_140.png -35.168331 -13.011326 -1.194325 [453.588715, 269.857361]
/mnt/gpid07/users/morros/VFOA/TRAYECTORIAS2020_03_13/M2020-03-13-13-18-56/img/image_141.png -37.097657 -15.764032 -0.734207 [470.193207, 257.539429]
/mnt/gpid07/users/morros/VFOA/TRAYECTORIAS2020_03_13/M2020-03-13-13-18-56/img/image_142.png -36.808304 -19.720629 -1.672734 [487.133057, 246.522293]
/mnt/gpid07/users/morros/VFOA/TRAYECTORIAS2020_03_13/M2020-03-13-13-18-56/img/image_143.png -35.870914 -23.347088 -2.865447 [488.830395, 245.433587]
/mnt/gpid07/users/morros/VFOA/TRAYECTORIAS2020_03_13/M2020-03-13-13-18-56/img/image_144.png -36.125152 -26.918422 -4.020796 [510.325165, 232.163193]
/mnt/gpid07/users/morros/VFOA/TRAYECTORIAS2020_03_13/M2020-03-13-13-18-56/img/image_145.png -36.426841 -29.376622 -4.560495 [521.703979, 227.673248]
/mnt/gpid07/users/morros/VFOA/TRAYECTORIAS2020_03_13/M2020-03-13-13-18-56/img/image_146.png -35.981397 -31.191769 -5.054470 [527.131592, 227.048355]
/mnt/gpid07/users/morros/VFOA/TRAYECTORIAS2020_03_13/M2020-03-13-13-18-56/img/image_147.png -36.367086 -32.861028 -5.320330 [527.989624, 233.129333]
/mnt/gpid07/users/morros/VFOA/TRAYECTORIAS2020_03_13/M2020-03-13-13-18-56/img/image_148.png -35.655777 -33.067891 -5.346071 [521.271484, 243.772705]
/mnt/gpid07/users/morros/VFOA/TRAYECTORIAS2020_03_13/M2020-03-13-13-18-56/img/image_149.png -35.023888 -32.732695 -5.014732 [518.167175, 251.995651]
/mnt/gpid07/users/morros/VFOA/TRAYECTORIAS2020_03_13/M2020-03-13-13-18-56/img/image_150.png -35.250836 -32.677360 -4.682386 [521.714722, 259.407349]
/mnt/gpid07/users/morros/VFOA/TRAYECTORIAS2020_03_13/M2020-03-13-13-18-56/img/image_151.png -35.263103 -32.856657 -4.636765 [523.881042, 263.967651]
/mnt/gpid07/users/morros/VFOA/TRAYECTORIAS2020_03_13/M2020-03-13-13-18-56/img/image_152.png -34.914107 -32.948171 -4.781254 [514.530212, 268.171417]
/mnt/gpid07/users/morros/VFOA/TRAYECTORIAS2020_03_13/M2020-03-13-13-18-56/img/image_153.png -35.194270 -32.619327 -4.612948 [513.479958, 268.588228]
/mnt/gpid07/users/morros/VFOA/TRAYECTORIAS2020_03_13/M2020-03-13-13-18-56/img/image_154.png -35.326151 -32.342502 -4.475874 [515.453857, 269.692902]
/mnt/gpid07/users/morros/VFOA/TRAYECTORIAS2020_03_13/M2020-03-13-13-18-56/img/image_155.png -35.524829 -32.193416 -4.315914 [515.681489, 269.810248]
/mnt/gpid07/users/morros/VFOA/TRAYECTORIAS2020_03_13/M2020-03-13-13-18-56/img/image_156.png -36.148582 -29.745128 -3.830659 [517.775635, 270.110596]
/mnt/gpid07/users/morros/VFOA/TRAYECTORIAS2020_03_13/M2020-03-13-13-18-56/img/image_157.png -35.211144 -24.541563 -3.331042 [518.003714, 270.142461]
/mnt/gpid07/users/morros/VFOA/TRAYECTORIAS2020_03_13/M2020-03-13-13-18-56/img/image_158.png -34.345397 -17.522142 -2.954496 [519.807251, 268.118073]
/mnt/gpid07/users/morros/VFOA/TRAYECTORIAS2020_03_13/M2020-03-13-13-18-56/img/image_159.png -34.314728 -12.098195 -2.803368 [517.982117, 267.312317]
/mnt/gpid07/users/morros/VFOA/TRAYECTORIAS2020_03_13/M2020-03-13-13-18-56/img/image_160.png -34.141328 -7.031313 -2.421407 [517.545471, 265.851471]
/mnt/gpid07/users/morros/VFOA/TRAYECTORIAS2020_03_13/M2020-03-13-13-18-56/img/image_161.png -33.863166 -2.818097 -2.258380 [520.5448, 263.394226]
/mnt/gpid07/users/morros/VFOA/TRAYECTORIAS2020_03_13/M2020-03-13-13-18-56/img/image_162.png -33.884519 -0.663416 -1.741075 [525.434998, 249.874039]
/mnt/gpid07/users/morros/VFOA/TRAYECTORIAS2020_03_13/M2020-03-13-13-18-56/img/image_163.png -34.636836 1.080320 -2.136361 [520.835205, 242.024292]
/mnt/gpid07/users/morros/VFOA/TRAYECTORIAS2020_03_13/M2020-03-13-13-18-56/img/image_164.png -35.354786 2.687131 -2.197714 [508.210266, 232.753464]
/mnt/gpid07/users/morros/VFOA/TRAYECTORIAS2020_03_13/M2020-03-13-13-18-56/img/image_165.png -35.687822 2.823632 -2.295638 [503.819855, 221.463409]
/mnt/gpid07/users/morros/VFOA/TRAYECTORIAS2020_03_13/M2020-03-13-13-18-56/img/image_166.png -34.584417 2.405904 -1.940058 [502.786469, 210.036606]
/mnt/gpid07/users/morros/VFOA/TRAYECTORIAS2020_03_13/M2020-03-13-13-18-56/img/image_167.png -31.527809 0.997132 -1.573923 [496.946716, 202.013657]
/mnt/gpid07/users/morros/VFOA/TRAYECTORIAS2020_03_13/M2020-03-13-13-18-56/img/image_168.png -28.100940 1.003050 -1.036253 [496.314677, 201.2454]
/mnt/gpid07/users/morros/VFOA/TRAYECTORIAS2020_03_13/M2020-03-13-13-18-56/img/image_169.png -23.337698 1.290591 -0.632967 [495.491211, 192.487762]
/mnt/gpid07/users/morros/VFOA/TRAYECTORIAS2020_03_13/M2020-03-13-13-18-56/img/image_171.png -14.214099 0.322321 -0.107756 [493.563446, 188.845505]
/mnt/gpid07/users/morros/VFOA/TRAYECTORIAS2020_03_13/M2020-03-13-13-18-56/img/image_173.png -0.829723 -5.760219 1.245167 [493.357725, 188.554945]
/mnt/gpid07/users/morros/VFOA/TRAYECTORIAS2020_03_13/M2020-03-13-13-18-56/img/image_174.png 7.026048 -8.121275 1.383801 [495.354248, 195.215668]
/mnt/gpid07/users/morros/VFOA/TRAYECTORIAS2020_03_13/M2020-03-13-13-18-56/img/image_175.png 11.734491 -9.428572 1.157896 [487.847046, 206.002686]
/mnt/gpid07/users/morros/VFOA/TRAYECTORIAS2020_03_13/M2020-03-13-13-18-56/img/image_176.png 15.834600 -9.864569 1.169459 [480.966125, 218.156311]
/mnt/gpid07/users/morros/VFOA/TRAYECTORIAS2020_03_13/M2020-03-13-13-18-56/img/image_177.png 17.350886 -9.794241 1.241456 [480.284296, 219.38534]
/mnt/gpid07/users/morros/VFOA/TRAYECTORIAS2020_03_13/M2020-03-13-13-18-56/img/image_178.png 16.555824 -9.223595 0.820114 [476.583527, 242.682083]
/mnt/gpid07/users/morros/VFOA/TRAYECTORIAS2020_03_13/M2020-03-13-13-18-56/img/image_179.png 15.572621 -8.935498 0.850369 [475.767181, 251.30394]
/mnt/gpid07/users/morros/VFOA/TRAYECTORIAS2020_03_13/M2020-03-13-13-18-56/img/image_180.png 14.911853 -10.002077 0.436709 [480.279114, 255.565414]
/mnt/gpid07/users/morros/VFOA/TRAYECTORIAS2020_03_13/M2020-03-13-13-18-56/img/image_181.png 15.756509 -11.567024 0.654229 [486.830719, 254.455704]
/mnt/gpid07/users/morros/VFOA/TRAYECTORIAS2020_03_13/M2020-03-13-13-18-56/img/image_182.png 20.031568 -16.311589 -0.740812 [497.762939, 249.854172]
/mnt/gpid07/users/morros/VFOA/TRAYECTORIAS2020_03_13/M2020-03-13-13-18-56/img/image_183.png 24.244059 -25.943526 -4.312453 [512.192261, 237.600754]
/mnt/gpid07/users/morros/VFOA/TRAYECTORIAS2020_03_13/M2020-03-13-13-18-56/img/image_184.png 28.001877 -38.209053 -9.039929 [513.670164, 236.298893]
/mnt/gpid07/users/morros/VFOA/TRAYECTORIAS2020_03_13/M2020-03-13-13-18-56/img/image_185.png 39.789474 -49.098408 -22.848071 [546.241089, 211.323685]
/mnt/gpid07/users/morros/VFOA/TRAYECTORIAS2020_03_13/M2020-03-13-13-18-56/img/image_186.png 51.866745 -60.522631 -33.901267 [559.73938, 202.596634]
/mnt/gpid07/users/morros/VFOA/TRAYECTORIAS2020_03_13/M2020-03-13-13-18-56/img/image_187.png 69.947248 -66.414877 -45.939141 [560.898483, 201.88641]
