/mnt/gpid07/users/morros/VFOA/TRAYECTORIAS2020_03_13/M2020-03-13-13-25-34/img/image_6.png -158.843138 -0.984660 2.714835 [550.0, 300.0]
/mnt/gpid07/users/morros/VFOA/TRAYECTORIAS2020_03_13/M2020-03-13-13-25-34/img/image_8.png -153.450993 -3.917454 2.748449 [539.066956, 256.947784]
/mnt/gpid07/users/morros/VFOA/TRAYECTORIAS2020_03_13/M2020-03-13-13-25-34/img/image_9.png -158.733857 -7.015827 4.214387 [536.15979, 258.246216]
/mnt/gpid07/users/morros/VFOA/TRAYECTORIAS2020_03_13/M2020-03-13-13-25-34/img/image_10.png -166.850490 -10.134959 4.764311 [530.501465, 265.615875]
/mnt/gpid07/users/morros/VFOA/TRAYECTORIAS2020_03_13/M2020-03-13-13-25-34/img/image_11.png -165.675073 -8.155213 3.402096 [520.673523, 270.145935]
/mnt/gpid07/users/morros/VFOA/TRAYECTORIAS2020_03_13/M2020-03-13-13-25-34/img/image_12.png -160.987697 -6.248283 1.340186 [497.658051, 278.880005]
/mnt/gpid07/users/morros/VFOA/TRAYECTORIAS2020_03_13/M2020-03-13-13-25-34/img/image_13.png -149.865823 -4.408469 -0.865210 [474.481995, 283.901855]
/mnt/gpid07/users/morros/VFOA/TRAYECTORIAS2020_03_13/M2020-03-13-13-25-34/img/image_14.png -145.061995 -1.549450 -1.501425 [454.236969, 284.630219]
/mnt/gpid07/users/morros/VFOA/TRAYECTORIAS2020_03_13/M2020-03-13-13-25-34/img/image_15.png -140.805977 0.066644 -1.277750 [444.185852, 281.544312]
/mnt/gpid07/users/morros/VFOA/TRAYECTORIAS2020_03_13/M2020-03-13-13-25-34/img/image_16.png -137.717163 2.031535 -0.284111 [433.124664, 275.638489]
/mnt/gpid07/users/morros/VFOA/TRAYECTORIAS2020_03_13/M2020-03-13-13-25-34/img/image_17.png -140.393678 2.103714 -0.431808 [416.390381, 267.55307]
/mnt/gpid07/users/morros/VFOA/TRAYECTORIAS2020_03_13/M2020-03-13-13-25-34/img/image_18.png -141.788360 2.596542 0.346405 [414.660222, 266.722732]
/mnt/gpid07/users/morros/VFOA/TRAYECTORIAS2020_03_13/M2020-03-13-13-25-34/img/image_19.png -141.619207 1.550642 0.337662 [379.352386, 250.63945]
/mnt/gpid07/users/morros/VFOA/TRAYECTORIAS2020_03_13/M2020-03-13-13-25-34/img/image_20.png -142.224056 1.410363 0.032418 [370.543243, 243.63855]
/mnt/gpid07/users/morros/VFOA/TRAYECTORIAS2020_03_13/M2020-03-13-13-25-34/img/image_21.png -143.406848 -0.983980 -0.179423 [363.36499, 245.775131]
/mnt/gpid07/users/morros/VFOA/TRAYECTORIAS2020_03_13/M2020-03-13-13-25-34/img/image_22.png -150.343265 -5.449029 -0.097788 [359.964111, 247.472763]
/mnt/gpid07/users/morros/VFOA/TRAYECTORIAS2020_03_13/M2020-03-13-13-25-34/img/image_23.png -162.545579 -9.848291 2.010068 [353.674713, 252.826202]
/mnt/gpid07/users/morros/VFOA/TRAYECTORIAS2020_03_13/M2020-03-13-13-25-34/img/image_24.png -169.050782 -13.930835 4.274698 [348.440521, 261.579193]
/mnt/gpid07/users/morros/VFOA/TRAYECTORIAS2020_03_13/M2020-03-13-13-25-34/img/image_25.png -177.096149 -17.521227 7.357625 [347.927654, 262.488488]
/mnt/gpid07/users/morros/VFOA/TRAYECTORIAS2020_03_13/M2020-03-13-13-25-34/img/image_26.png 177.240687 -21.225248 10.433753 [320.924225, 273.743347]
/mnt/gpid07/users/morros/VFOA/TRAYECTORIAS2020_03_13/M2020-03-13-13-25-34/img/image_27.png 177.322093 -21.592599 9.110106 [317.958976, 274.972289]
/mnt/gpid07/users/morros/VFOA/TRAYECTORIAS2020_03_13/M2020-03-13-13-25-34/img/image_28.png 178.386479 -18.370328 6.837528 [303.477905, 285.693817]
/mnt/gpid07/users/morros/VFOA/TRAYECTORIAS2020_03_13/M2020-03-13-13-25-34/img/image_29.png -179.502699 -19.632159 5.338934 [287.704651, 276.117126]
/mnt/gpid07/users/morros/VFOA/TRAYECTORIAS2020_03_13/M2020-03-13-13-25-34/img/image_30.png -176.793750 -23.451992 4.609748 [283.446594, 266.888367]
/mnt/gpid07/users/morros/VFOA/TRAYECTORIAS2020_03_13/M2020-03-13-13-25-34/img/image_31.png 179.909861 -25.692424 4.566925 [265.802582, 244.478455]
/mnt/gpid07/users/morros/VFOA/TRAYECTORIAS2020_03_13/M2020-03-13-13-25-34/img/image_32.png 178.653034 -29.580052 3.748747 [263.904321, 242.105652]
/mnt/gpid07/users/morros/VFOA/TRAYECTORIAS2020_03_13/M2020-03-13-13-25-34/img/image_33.png 176.914455 -34.576423 5.151914 [263.871952, 242.068743]
/mnt/gpid07/users/morros/VFOA/TRAYECTORIAS2020_03_13/M2020-03-13-13-25-34/img/image_34.png 179.825111 -38.695641 3.697851 [263.887374, 242.088411]
/mnt/gpid07/users/morros/VFOA/TRAYECTORIAS2020_03_13/M2020-03-13-13-25-34/img/image_36.png 176.121390 -42.022767 7.477867 [185.106903, 220.228012]
/mnt/gpid07/users/morros/VFOA/TRAYECTORIAS2020_03_13/M2020-03-13-13-25-34/img/image_37.png 174.738032 -42.544117 8.242106 [164.229324, 222.502182]
/mnt/gpid07/users/morros/VFOA/TRAYECTORIAS2020_03_13/M2020-03-13-13-25-34/img/image_38.png 175.313438 -41.884904 8.106437 [151.736206, 227.014725]
/mnt/gpid07/users/morros/VFOA/TRAYECTORIAS2020_03_13/M2020-03-13-13-25-34/img/image_39.png 178.644335 -40.157370 7.791977 [146.710953, 228.037796]
/mnt/gpid07/users/morros/VFOA/TRAYECTORIAS2020_03_13/M2020-03-13-13-25-34/img/image_40.png -168.698281 -37.902796 5.219288 [144.784149, 229.657135]
/mnt/gpid07/users/morros/VFOA/TRAYECTORIAS2020_03_13/M2020-03-13-13-25-34/img/image_41.png -160.717706 -34.896353 5.355354 [144.501328, 227.730499]
/mnt/gpid07/users/morros/VFOA/TRAYECTORIAS2020_03_13/M2020-03-13-13-25-34/img/image_42.png -149.300712 -33.935013 5.047898 [148.751846, 226.020615]
/mnt/gpid07/users/morros/VFOA/TRAYECTORIAS2020_03_13/M2020-03-13-13-25-34/img/image_43.png -135.544447 -34.617811 5.487095 [152.115143, 228.276917]
/mnt/gpid07/users/morros/VFOA/TRAYECTORIAS2020_03_13/M2020-03-13-13-25-34/img/image_44.png -127.502597 -36.298680 7.860312 [153.862991, 235.903534]
/mnt/gpid07/users/morros/VFOA/TRAYECTORIAS2020_03_13/M2020-03-13-13-25-34/img/image_45.png -119.010845 -37.899856 6.918167 [162.685989, 243.345673]
/mnt/gpid07/users/morros/VFOA/TRAYECTORIAS2020_03_13/M2020-03-13-13-25-34/img/image_53.png -100.856879 -28.654462 1.218092 [209.791306, 252.489395]
/mnt/gpid07/users/morros/VFOA/TRAYECTORIAS2020_03_13/M2020-03-13-13-25-34/img/image_58.png -59.934506 0.857161 4.185969 [214.918423, 253.422895]
/mnt/gpid07/users/morros/VFOA/TRAYECTORIAS2020_03_13/M2020-03-13-13-25-34/img/image_59.png -58.829265 4.580802 3.723061 [246.164551, 235.869858]
/mnt/gpid07/users/morros/VFOA/TRAYECTORIAS2020_03_13/M2020-03-13-13-25-34/img/image_61.png -56.591029 3.007340 2.793951 [277.979095, 241.882004]
/mnt/gpid07/users/morros/VFOA/TRAYECTORIAS2020_03_13/M2020-03-13-13-25-34/img/image_62.png -53.566092 2.427716 5.106428 [281.066246, 242.77504]
/mnt/gpid07/users/morros/VFOA/TRAYECTORIAS2020_03_13/M2020-03-13-13-25-34/img/image_64.png -49.463282 3.550523 6.535645 [310.377808, 247.873047]
/mnt/gpid07/users/morros/VFOA/TRAYECTORIAS2020_03_13/M2020-03-13-13-25-34/img/image_65.png -49.690840 4.152633 6.705237 [312.227905, 251.074066]
/mnt/gpid07/users/morros/VFOA/TRAYECTORIAS2020_03_13/M2020-03-13-13-25-34/img/image_66.png -49.479411 4.023520 6.318562 [314.819244, 255.239685]
/mnt/gpid07/users/morros/VFOA/TRAYECTORIAS2020_03_13/M2020-03-13-13-25-34/img/image_67.png -50.358569 3.751578 5.895693 [317.257477, 252.620819]
/mnt/gpid07/users/morros/VFOA/TRAYECTORIAS2020_03_13/M2020-03-13-13-25-34/img/image_68.png -49.269555 2.263857 5.681575 [317.499769, 252.291088]
/mnt/gpid07/users/morros/VFOA/TRAYECTORIAS2020_03_13/M2020-03-13-13-25-34/img/image_69.png -47.170787 -0.394814 5.962483 [311.334229, 251.311081]
/mnt/gpid07/users/morros/VFOA/TRAYECTORIAS2020_03_13/M2020-03-13-13-25-34/img/image_70.png -39.217082 -9.934890 3.690309 [310.653596, 251.206578]
/mnt/gpid07/users/morros/VFOA/TRAYECTORIAS2020_03_13/M2020-03-13-13-25-34/img/image_71.png -28.560113 -17.595265 1.897801 [310.640382, 251.204882]
/mnt/gpid07/users/morros/VFOA/TRAYECTORIAS2020_03_13/M2020-03-13-13-25-34/img/image_72.png -23.184496 -22.736030 1.259823 [295.053802, 243.141296]
/mnt/gpid07/users/morros/VFOA/TRAYECTORIAS2020_03_13/M2020-03-13-13-25-34/img/image_73.png -17.037220 -28.536721 0.838903 [293.339411, 242.254319]
/mnt/gpid07/users/morros/VFOA/TRAYECTORIAS2020_03_13/M2020-03-13-13-25-34/img/image_74.png -10.213649 -32.830251 0.368297 [293.306694, 242.237387]
/mnt/gpid07/users/morros/VFOA/TRAYECTORIAS2020_03_13/M2020-03-13-13-25-34/img/image_75.png -10.111832 -32.613631 1.832369 [299.462311, 273.939362]
/mnt/gpid07/users/morros/VFOA/TRAYECTORIAS2020_03_13/M2020-03-13-13-25-34/img/image_76.png -10.149169 -31.352497 4.088249 [300.139756, 277.426748]
/mnt/gpid07/users/morros/VFOA/TRAYECTORIAS2020_03_13/M2020-03-13-13-25-34/img/image_77.png -7.288978 -31.588806 3.181613 [300.152719, 277.493341]
/mnt/gpid07/users/morros/VFOA/TRAYECTORIAS2020_03_13/M2020-03-13-13-25-34/img/image_78.png -9.879246 -32.364287 4.744932 [362.124969, 293.1698]
/mnt/gpid07/users/morros/VFOA/TRAYECTORIAS2020_03_13/M2020-03-13-13-25-34/img/image_79.png -6.979504 -34.561114 3.906576 [368.941787, 294.893544]
/mnt/gpid07/users/morros/VFOA/TRAYECTORIAS2020_03_13/M2020-03-13-13-25-34/img/image_80.png -3.725577 -33.031479 3.758323 [393.465088, 287.546265]
/mnt/gpid07/users/morros/VFOA/TRAYECTORIAS2020_03_13/M2020-03-13-13-25-34/img/image_81.png -2.475223 -31.150450 2.426074 [396.094483, 286.720826]
/mnt/gpid07/users/morros/VFOA/TRAYECTORIAS2020_03_13/M2020-03-13-13-25-34/img/image_82.png -5.126014 -36.053473 3.200587 [396.138483, 286.703501]
/mnt/gpid07/users/morros/VFOA/TRAYECTORIAS2020_03_13/M2020-03-13-13-25-34/img/image_83.png -4.484702 -41.331721 0.672384 [396.117029, 286.70985]
/mnt/gpid07/users/morros/VFOA/TRAYECTORIAS2020_03_13/M2020-03-13-13-25-34/img/image_84.png -7.268358 -40.574930 1.159066 [442.811981, 298.49707]
/mnt/gpid07/users/morros/VFOA/TRAYECTORIAS2020_03_13/M2020-03-13-13-25-34/img/image_85.png -2.461081 -37.217498 -0.213795 [447.94864, 299.793601]
/mnt/gpid07/users/morros/VFOA/TRAYECTORIAS2020_03_13/M2020-03-13-13-25-34/img/image_86.png 2.635956 -30.148496 0.250128 [445.277161, 321.892975]
/mnt/gpid07/users/morros/VFOA/TRAYECTORIAS2020_03_13/M2020-03-13-13-25-34/img/image_87.png 8.758632 -22.096768 0.308525 [445.391724, 339.196045]
/mnt/gpid07/users/morros/VFOA/TRAYECTORIAS2020_03_13/M2020-03-13-13-25-34/img/image_88.png 13.498104 -13.520627 1.877007 [445.43104, 340.878389]
/mnt/gpid07/users/morros/VFOA/TRAYECTORIAS2020_03_13/M2020-03-13-13-25-34/img/image_89.png 19.665831 -6.151113 1.965521 [439.809723, 351.343018]
/mnt/gpid07/users/morros/VFOA/TRAYECTORIAS2020_03_13/M2020-03-13-13-25-34/img/image_90.png 26.428405 -1.932430 1.223346 [431.267609, 346.045593]
/mnt/gpid07/users/morros/VFOA/TRAYECTORIAS2020_03_13/M2020-03-13-13-25-34/img/image_91.png 27.750746 0.902496 2.351852 [430.384189, 345.35823]
/mnt/gpid07/users/morros/VFOA/TRAYECTORIAS2020_03_13/M2020-03-13-13-25-34/img/image_93.png 29.969958 4.966552 4.288955 [430.379975, 345.339978]
/mnt/gpid07/users/morros/VFOA/TRAYECTORIAS2020_03_13/M2020-03-13-13-25-34/img/image_94.png 30.998763 4.889907 5.816320 [402.527679, 343.837738]
/mnt/gpid07/users/morros/VFOA/TRAYECTORIAS2020_03_13/M2020-03-13-13-25-34/img/image_95.png 27.061727 5.075933 4.936036 [396.81015, 337.528534]
/mnt/gpid07/users/morros/VFOA/TRAYECTORIAS2020_03_13/M2020-03-13-13-25-34/img/image_96.png 26.771785 4.334783 5.077475 [393.743805, 324.320251]
/mnt/gpid07/users/morros/VFOA/TRAYECTORIAS2020_03_13/M2020-03-13-13-25-34/img/image_97.png 23.662696 4.242300 4.526672 [393.648865, 315.342957]
/mnt/gpid07/users/morros/VFOA/TRAYECTORIAS2020_03_13/M2020-03-13-13-25-34/img/image_98.png 25.474261 3.039191 5.130232 [393.669085, 314.487537]
/mnt/gpid07/users/morros/VFOA/TRAYECTORIAS2020_03_13/M2020-03-13-13-25-34/img/image_99.png 27.483647 1.669074 5.818414 [393.672258, 314.483214]
/mnt/gpid07/users/morros/VFOA/TRAYECTORIAS2020_03_13/M2020-03-13-13-25-34/img/image_100.png 26.687571 0.562716 6.855856 [406.24057, 305.023682]
/mnt/gpid07/users/morros/VFOA/TRAYECTORIAS2020_03_13/M2020-03-13-13-25-34/img/image_101.png 24.809779 -1.333616 7.749324 [410.013458, 301.720917]
/mnt/gpid07/users/morros/VFOA/TRAYECTORIAS2020_03_13/M2020-03-13-13-25-34/img/image_102.png 23.127754 -4.064054 9.137875 [410.302793, 301.452208]
/mnt/gpid07/users/morros/VFOA/TRAYECTORIAS2020_03_13/M2020-03-13-13-25-34/img/image_103.png 21.537364 -7.769038 9.843337 [421.182434, 284.440643]
/mnt/gpid07/users/morros/VFOA/TRAYECTORIAS2020_03_13/M2020-03-13-13-25-34/img/image_104.png 22.900027 -11.133827 9.630941 [422.376301, 282.572058]
/mnt/gpid07/users/morros/VFOA/TRAYECTORIAS2020_03_13/M2020-03-13-13-25-34/img/image_105.png 27.391592 -14.006358 8.713154 [422.39883, 282.53663]
/mnt/gpid07/users/morros/VFOA/TRAYECTORIAS2020_03_13/M2020-03-13-13-25-34/img/image_107.png 32.576364 -15.138275 8.060021 [422.388104, 282.553399]
/mnt/gpid07/users/morros/VFOA/TRAYECTORIAS2020_03_13/M2020-03-13-13-25-34/img/image_108.png 22.827453 -14.631269 12.896866 [422.388059, 282.553469]
