/mnt/gpid07/users/morros/VFOA/TRAYECTORIAS2020_03_13/M2020-03-13-10-25-25/img/image_96.png -170.553011 -4.825754 -2.745050 [550.0, 300.0]
/mnt/gpid07/users/morros/VFOA/TRAYECTORIAS2020_03_13/M2020-03-13-10-25-25/img/image_97.png -174.744184 -4.262584 -4.307429 [550.0, 300.0]
/mnt/gpid07/users/morros/VFOA/TRAYECTORIAS2020_03_13/M2020-03-13-10-25-25/img/image_98.png -175.855061 -4.470490 -3.742183 [517.776489, 267.78656]
/mnt/gpid07/users/morros/VFOA/TRAYECTORIAS2020_03_13/M2020-03-13-10-25-25/img/image_99.png -177.907240 -7.458282 -4.472461 [489.457947, 256.024902]
/mnt/gpid07/users/morros/VFOA/TRAYECTORIAS2020_03_13/M2020-03-13-10-25-25/img/image_100.png -178.588517 -9.050129 -3.753930 [463.350128, 249.809006]
/mnt/gpid07/users/morros/VFOA/TRAYECTORIAS2020_03_13/M2020-03-13-10-25-25/img/image_101.png 177.299744 -10.677681 -3.604661 [433.937012, 249.170898]
/mnt/gpid07/users/morros/VFOA/TRAYECTORIAS2020_03_13/M2020-03-13-10-25-25/img/image_102.png 176.223175 -10.839907 -4.067587 [402.68396, 258.557312]
/mnt/gpid07/users/morros/VFOA/TRAYECTORIAS2020_03_13/M2020-03-13-10-25-25/img/image_103.png 173.916620 -13.787667 -4.120172 [364.773041, 269.715729]
/mnt/gpid07/users/morros/VFOA/TRAYECTORIAS2020_03_13/M2020-03-13-10-25-25/img/image_104.png 169.801507 -18.263833 -3.294577 [332.039581, 275.929565]
/mnt/gpid07/users/morros/VFOA/TRAYECTORIAS2020_03_13/M2020-03-13-10-25-25/img/image_105.png 169.482858 -22.155927 -2.607784 [298.450958, 271.98703]
/mnt/gpid07/users/morros/VFOA/TRAYECTORIAS2020_03_13/M2020-03-13-10-25-25/img/image_106.png 169.470124 -26.927701 -1.743708 [275.431854, 265.187195]
/mnt/gpid07/users/morros/VFOA/TRAYECTORIAS2020_03_13/M2020-03-13-10-25-25/img/image_107.png 170.476283 -30.588327 -1.431956 [252.457825, 253.08403]
/mnt/gpid07/users/morros/VFOA/TRAYECTORIAS2020_03_13/M2020-03-13-10-25-25/img/image_108.png 170.521855 -32.900493 -1.189380 [250.160872, 251.82068]
/mnt/gpid07/users/morros/VFOA/TRAYECTORIAS2020_03_13/M2020-03-13-10-25-25/img/image_109.png 171.381418 -31.050531 -0.892362 [250.137948, 251.802744]
/mnt/gpid07/users/morros/VFOA/TRAYECTORIAS2020_03_13/M2020-03-13-10-25-25/img/image_110.png 175.283386 -24.197656 -1.911975 [250.158396, 251.813404]
/mnt/gpid07/users/morros/VFOA/TRAYECTORIAS2020_03_13/M2020-03-13-10-25-25/img/image_111.png -178.214656 -15.128809 -2.396651 [244.660217, 239.168915]
/mnt/gpid07/users/morros/VFOA/TRAYECTORIAS2020_03_13/M2020-03-13-10-25-25/img/image_112.png -169.836910 -7.738073 -1.605859 [263.148682, 244.467285]
/mnt/gpid07/users/morros/VFOA/TRAYECTORIAS2020_03_13/M2020-03-13-10-25-25/img/image_113.png -162.947994 -4.692110 -0.068816 [280.624725, 251.688553]
/mnt/gpid07/users/morros/VFOA/TRAYECTORIAS2020_03_13/M2020-03-13-10-25-25/img/image_114.png -156.194784 -5.203901 0.734367 [286.044312, 257.60495]
/mnt/gpid07/users/morros/VFOA/TRAYECTORIAS2020_03_13/M2020-03-13-10-25-25/img/image_115.png -149.798534 -5.885015 1.291165 [290.186127, 262.062164]
/mnt/gpid07/users/morros/VFOA/TRAYECTORIAS2020_03_13/M2020-03-13-10-25-25/img/image_116.png -145.772546 -5.466218 1.075166 [289.160553, 265.131958]
/mnt/gpid07/users/morros/VFOA/TRAYECTORIAS2020_03_13/M2020-03-13-10-25-25/img/image_117.png -143.016085 -4.235238 0.509300 [292.519257, 273.01062]
/mnt/gpid07/users/morros/VFOA/TRAYECTORIAS2020_03_13/M2020-03-13-10-25-25/img/image_118.png -137.973132 -4.335312 -0.581183 [293.676697, 290.258301]
/mnt/gpid07/users/morros/VFOA/TRAYECTORIAS2020_03_13/M2020-03-13-10-25-25/img/image_119.png -135.459598 -9.246762 -2.120311 [293.770428, 292.076759]
/mnt/gpid07/users/morros/VFOA/TRAYECTORIAS2020_03_13/M2020-03-13-10-25-25/img/image_120.png -132.794405 -15.011201 -2.524647 [293.769164, 292.104313]
/mnt/gpid07/users/morros/VFOA/TRAYECTORIAS2020_03_13/M2020-03-13-10-25-25/img/image_121.png -129.264621 -21.283310 -2.773904 [267.793518, 337.86908]
/mnt/gpid07/users/morros/VFOA/TRAYECTORIAS2020_03_13/M2020-03-13-10-25-25/img/image_122.png -127.175935 -27.503333 -2.313296 [247.30481, 344.224152]
/mnt/gpid07/users/morros/VFOA/TRAYECTORIAS2020_03_13/M2020-03-13-10-25-25/img/image_123.png -127.209549 -32.319693 -1.495670 [245.310808, 344.465562]
/mnt/gpid07/users/morros/VFOA/TRAYECTORIAS2020_03_13/M2020-03-13-10-25-25/img/image_124.png -126.675100 -33.702199 -1.303268 [214.294296, 348.34436]
/mnt/gpid07/users/morros/VFOA/TRAYECTORIAS2020_03_13/M2020-03-13-10-25-25/img/image_125.png -124.105663 -30.094803 -1.945523 [207.089859, 346.473022]
/mnt/gpid07/users/morros/VFOA/TRAYECTORIAS2020_03_13/M2020-03-13-10-25-25/img/image_126.png -116.465907 -22.913123 -3.696204 [205.121841, 340.213867]
/mnt/gpid07/users/morros/VFOA/TRAYECTORIAS2020_03_13/M2020-03-13-10-25-25/img/image_127.png -104.597009 -14.137877 -4.519390 [204.977404, 339.544073]
/mnt/gpid07/users/morros/VFOA/TRAYECTORIAS2020_03_13/M2020-03-13-10-25-25/img/image_128.png -94.680034 -9.651111 -4.825896 [204.981196, 339.532988]
/mnt/gpid07/users/morros/VFOA/TRAYECTORIAS2020_03_13/M2020-03-13-10-25-25/img/image_129.png -86.038393 -8.757078 -4.352743 [223.368988, 302.469055]
/mnt/gpid07/users/morros/VFOA/TRAYECTORIAS2020_03_13/M2020-03-13-10-25-25/img/image_130.png -78.901824 -6.650250 -1.551474 [225.391607, 298.392133]
/mnt/gpid07/users/morros/VFOA/TRAYECTORIAS2020_03_13/M2020-03-13-10-25-25/img/image_131.png -69.916460 -5.003947 0.712079 [244.063858, 294.321259]
/mnt/gpid07/users/morros/VFOA/TRAYECTORIAS2020_03_13/M2020-03-13-10-25-25/img/image_132.png -62.095218 -3.332577 2.434642 [265.051697, 292.413055]
/mnt/gpid07/users/morros/VFOA/TRAYECTORIAS2020_03_13/M2020-03-13-10-25-25/img/image_133.png -56.427037 -2.282946 2.602582 [287.616943, 297.587067]
/mnt/gpid07/users/morros/VFOA/TRAYECTORIAS2020_03_13/M2020-03-13-10-25-25/img/image_134.png -52.948674 -2.446149 2.585033 [311.917511, 304.368469]
/mnt/gpid07/users/morros/VFOA/TRAYECTORIAS2020_03_13/M2020-03-13-10-25-25/img/image_135.png -50.658700 -3.561034 2.510445 [332.365265, 305.428223]
/mnt/gpid07/users/morros/VFOA/TRAYECTORIAS2020_03_13/M2020-03-13-10-25-25/img/image_136.png -45.759961 -4.704224 3.320837 [351.07077, 314.312225]
/mnt/gpid07/users/morros/VFOA/TRAYECTORIAS2020_03_13/M2020-03-13-10-25-25/img/image_137.png -38.654191 -5.387125 2.449107 [360.69281, 314.586639]
/mnt/gpid07/users/morros/VFOA/TRAYECTORIAS2020_03_13/M2020-03-13-10-25-25/img/image_138.png -30.287151 -4.510073 0.646929 [361.634674, 321.02655]
/mnt/gpid07/users/morros/VFOA/TRAYECTORIAS2020_03_13/M2020-03-13-10-25-25/img/image_139.png -23.163380 -8.664221 -1.689602 [356.574341, 326.245605]
/mnt/gpid07/users/morros/VFOA/TRAYECTORIAS2020_03_13/M2020-03-13-10-25-25/img/image_140.png -19.988322 -14.550129 -3.241751 [355.090332, 335.977844]
/mnt/gpid07/users/morros/VFOA/TRAYECTORIAS2020_03_13/M2020-03-13-10-25-25/img/image_141.png -17.318046 -17.414449 -2.057560 [371.917786, 350.926727]
/mnt/gpid07/users/morros/VFOA/TRAYECTORIAS2020_03_13/M2020-03-13-10-25-25/img/image_142.png -18.857463 -21.249369 -1.328011 [373.783646, 352.473782]
/mnt/gpid07/users/morros/VFOA/TRAYECTORIAS2020_03_13/M2020-03-13-10-25-25/img/image_143.png -16.344304 -24.454786 -1.155368 [416.96814, 340.666626]
/mnt/gpid07/users/morros/VFOA/TRAYECTORIAS2020_03_13/M2020-03-13-10-25-25/img/image_144.png -11.149451 -28.286725 -1.358461 [453.88446, 332.468628]
/mnt/gpid07/users/morros/VFOA/TRAYECTORIAS2020_03_13/M2020-03-13-10-25-25/img/image_145.png -6.564736 -32.436374 -0.695755 [479.783875, 325.939758]
/mnt/gpid07/users/morros/VFOA/TRAYECTORIAS2020_03_13/M2020-03-13-10-25-25/img/image_146.png -3.047241 -35.090160 0.129233 [482.263647, 325.303563]
/mnt/gpid07/users/morros/VFOA/TRAYECTORIAS2020_03_13/M2020-03-13-10-25-25/img/image_147.png -2.533715 -38.654252 1.010526 [505.047363, 319.687958]
/mnt/gpid07/users/morros/VFOA/TRAYECTORIAS2020_03_13/M2020-03-13-10-25-25/img/image_150.png -1.980987 -28.248412 -0.594378 [502.765381, 329.641571]
/mnt/gpid07/users/morros/VFOA/TRAYECTORIAS2020_03_13/M2020-03-13-10-25-25/img/image_151.png 5.948070 -16.400744 -1.116942 [493.359589, 328.579529]
/mnt/gpid07/users/morros/VFOA/TRAYECTORIAS2020_03_13/M2020-03-13-10-25-25/img/image_152.png 11.563280 -10.400790 0.601418 [489.67514, 328.570679]
/mnt/gpid07/users/morros/VFOA/TRAYECTORIAS2020_03_13/M2020-03-13-10-25-25/img/image_153.png 15.909280 -5.521123 2.125292 [471.822113, 307.772827]
/mnt/gpid07/users/morros/VFOA/TRAYECTORIAS2020_03_13/M2020-03-13-10-25-25/img/image_154.png 16.338335 -3.320071 1.997670 [468.29248, 290.927734]
/mnt/gpid07/users/morros/VFOA/TRAYECTORIAS2020_03_13/M2020-03-13-10-25-25/img/image_155.png 16.295931 -2.197952 2.195505 [473.291962, 281.015991]
/mnt/gpid07/users/morros/VFOA/TRAYECTORIAS2020_03_13/M2020-03-13-10-25-25/img/image_156.png 13.350817 -1.831068 1.983551 [470.22168, 272.987671]
/mnt/gpid07/users/morros/VFOA/TRAYECTORIAS2020_03_13/M2020-03-13-10-25-25/img/image_157.png 3.787840 -2.271719 1.914854 [470.480255, 272.814819]
/mnt/gpid07/users/morros/VFOA/TRAYECTORIAS2020_03_13/M2020-03-13-10-25-25/img/image_158.png -9.187511 -3.247805 1.899239 [471.980713, 277.443451]
/mnt/gpid07/users/morros/VFOA/TRAYECTORIAS2020_03_13/M2020-03-13-10-25-25/img/image_159.png -20.316250 -3.892119 2.524667 [468.402527, 284.997131]
/mnt/gpid07/users/morros/VFOA/TRAYECTORIAS2020_03_13/M2020-03-13-10-25-25/img/image_160.png -33.631943 -4.004992 2.941596 [460.779572, 292.241394]
/mnt/gpid07/users/morros/VFOA/TRAYECTORIAS2020_03_13/M2020-03-13-10-25-25/img/image_161.png -46.276345 -3.706241 3.392849 [442.702118, 302.64679]
/mnt/gpid07/users/morros/VFOA/TRAYECTORIAS2020_03_13/M2020-03-13-10-25-25/img/image_162.png -58.877139 -3.792300 2.888695 [419.516357, 313.997223]
/mnt/gpid07/users/morros/VFOA/TRAYECTORIAS2020_03_13/M2020-03-13-10-25-25/img/image_163.png -69.049182 -3.959586 2.159547 [396.893463, 321.596893]
/mnt/gpid07/users/morros/VFOA/TRAYECTORIAS2020_03_13/M2020-03-13-10-25-25/img/image_164.png -77.363372 -4.424347 1.109856 [381.430084, 325.565887]
/mnt/gpid07/users/morros/VFOA/TRAYECTORIAS2020_03_13/M2020-03-13-10-25-25/img/image_165.png -89.278822 -3.903621 0.182517 [379.955341, 325.92648]
/mnt/gpid07/users/morros/VFOA/TRAYECTORIAS2020_03_13/M2020-03-13-10-25-25/img/image_166.png -96.951408 -3.472861 0.588469 [379.947754, 325.926455]
/mnt/gpid07/users/morros/VFOA/TRAYECTORIAS2020_03_13/M2020-03-13-10-25-25/img/image_167.png -105.020470 -4.941962 1.453753 [405.899139, 340.135986]
/mnt/gpid07/users/morros/VFOA/TRAYECTORIAS2020_03_13/M2020-03-13-10-25-25/img/image_168.png -112.983878 -4.834260 1.946054 [408.753868, 341.699035]
/mnt/gpid07/users/morros/VFOA/TRAYECTORIAS2020_03_13/M2020-03-13-10-25-25/img/image_169.png -119.568922 -3.245594 1.936329 [418.929291, 343.184265]
/mnt/gpid07/users/morros/VFOA/TRAYECTORIAS2020_03_13/M2020-03-13-10-25-25/img/image_170.png -126.121113 -1.968303 2.107224 [420.02004, 343.33201]
/mnt/gpid07/users/morros/VFOA/TRAYECTORIAS2020_03_13/M2020-03-13-10-25-25/img/image_171.png -133.180229 -1.020027 1.849753 [408.551056, 316.351685]
/mnt/gpid07/users/morros/VFOA/TRAYECTORIAS2020_03_13/M2020-03-13-10-25-25/img/image_172.png -140.881813 0.159263 1.659625 [399.820587, 297.443481]
/mnt/gpid07/users/morros/VFOA/TRAYECTORIAS2020_03_13/M2020-03-13-10-25-25/img/image_173.png -146.978065 -0.165336 0.801982 [391.697845, 280.650452]
/mnt/gpid07/users/morros/VFOA/TRAYECTORIAS2020_03_13/M2020-03-13-10-25-25/img/image_174.png -150.094721 -0.304120 1.081621 [387.088745, 270.692017]
/mnt/gpid07/users/morros/VFOA/TRAYECTORIAS2020_03_13/M2020-03-13-10-25-25/img/image_175.png -152.918500 -0.142855 1.144159 [382.688354, 269.408112]
/mnt/gpid07/users/morros/VFOA/TRAYECTORIAS2020_03_13/M2020-03-13-10-25-25/img/image_176.png -152.213705 -0.093904 1.313788 [381.355591, 274.483246]
/mnt/gpid07/users/morros/VFOA/TRAYECTORIAS2020_03_13/M2020-03-13-10-25-25/img/image_177.png -152.038970 -0.462080 1.136429 [377.927521, 280.278015]
/mnt/gpid07/users/morros/VFOA/TRAYECTORIAS2020_03_13/M2020-03-13-10-25-25/img/image_178.png -151.765418 -0.349832 1.043820 [375.351624, 283.748352]
/mnt/gpid07/users/morros/VFOA/TRAYECTORIAS2020_03_13/M2020-03-13-10-25-25/img/image_179.png -153.073674 -0.750242 0.974102 [373.768341, 288.12323]
/mnt/gpid07/users/morros/VFOA/TRAYECTORIAS2020_03_13/M2020-03-13-10-25-25/img/image_180.png -160.253826 -2.189466 0.183620 [371.744049, 290.978668]
/mnt/gpid07/users/morros/VFOA/TRAYECTORIAS2020_03_13/M2020-03-13-10-25-25/img/image_181.png -170.077996 -4.010604 0.518945 [367.736786, 294.911987]
/mnt/gpid07/users/morros/VFOA/TRAYECTORIAS2020_03_13/M2020-03-13-10-25-25/img/image_182.png 178.078686 -5.610923 1.862515 [360.243683, 298.477051]
/mnt/gpid07/users/morros/VFOA/TRAYECTORIAS2020_03_13/M2020-03-13-10-25-25/img/image_183.png 167.504277 -3.873651 2.452920 [352.984436, 301.319702]
/mnt/gpid07/users/morros/VFOA/TRAYECTORIAS2020_03_13/M2020-03-13-10-25-25/img/image_184.png 159.150184 -2.132421 2.863072 [357.048218, 297.286621]
/mnt/gpid07/users/morros/VFOA/TRAYECTORIAS2020_03_13/M2020-03-13-10-25-25/img/image_185.png 148.361911 -1.986649 1.727883 [367.477112, 285.646332]
/mnt/gpid07/users/morros/VFOA/TRAYECTORIAS2020_03_13/M2020-03-13-10-25-25/img/image_186.png 140.188721 -1.113838 1.849957 [375.406525, 279.112213]
/mnt/gpid07/users/morros/VFOA/TRAYECTORIAS2020_03_13/M2020-03-13-10-25-25/img/image_187.png 131.990624 -1.747572 1.329417 [376.118256, 272.676056]
/mnt/gpid07/users/morros/VFOA/TRAYECTORIAS2020_03_13/M2020-03-13-10-25-25/img/image_188.png 124.431074 -1.946961 0.806373 [370.834198, 267.630737]
/mnt/gpid07/users/morros/VFOA/TRAYECTORIAS2020_03_13/M2020-03-13-10-25-25/img/image_189.png 117.513051 -1.925845 0.101101 [359.178314, 264.109253]
/mnt/gpid07/users/morros/VFOA/TRAYECTORIAS2020_03_13/M2020-03-13-10-25-25/img/image_190.png 114.823720 -2.406967 0.199385 [347.564972, 262.250275]
/mnt/gpid07/users/morros/VFOA/TRAYECTORIAS2020_03_13/M2020-03-13-10-25-25/img/image_191.png 113.073128 -2.746505 -0.106441 [337.22879, 260.488037]
/mnt/gpid07/users/morros/VFOA/TRAYECTORIAS2020_03_13/M2020-03-13-10-25-25/img/image_192.png 113.200517 -2.432940 0.094324 [328.28479, 259.576538]
/mnt/gpid07/users/morros/VFOA/TRAYECTORIAS2020_03_13/M2020-03-13-10-25-25/img/image_193.png 113.752700 -2.531353 0.223451 [320.327179, 261.284424]
/mnt/gpid07/users/morros/VFOA/TRAYECTORIAS2020_03_13/M2020-03-13-10-25-25/img/image_194.png 114.598142 -2.636563 0.389711 [315.627136, 261.541382]
/mnt/gpid07/users/morros/VFOA/TRAYECTORIAS2020_03_13/M2020-03-13-10-25-25/img/image_195.png 115.240715 -3.087217 0.348067 [313.614288, 260.709717]
/mnt/gpid07/users/morros/VFOA/TRAYECTORIAS2020_03_13/M2020-03-13-10-25-25/img/image_196.png 115.567147 -3.520587 0.205919 [315.649078, 261.864227]
/mnt/gpid07/users/morros/VFOA/TRAYECTORIAS2020_03_13/M2020-03-13-10-25-25/img/image_197.png 115.605675 -3.842229 -0.167079 [317.473267, 256.499542]
/mnt/gpid07/users/morros/VFOA/TRAYECTORIAS2020_03_13/M2020-03-13-10-25-25/img/image_198.png 116.381746 -4.793957 -0.252780 [321.173767, 253.177139]
/mnt/gpid07/users/morros/VFOA/TRAYECTORIAS2020_03_13/M2020-03-13-10-25-25/img/image_199.png 116.503063 -7.007173 -0.750474 [325.948883, 247.726273]
/mnt/gpid07/users/morros/VFOA/TRAYECTORIAS2020_03_13/M2020-03-13-10-25-25/img/image_200.png 116.311598 -12.360413 -1.850233 [330.197693, 239.869019]
/mnt/gpid07/users/morros/VFOA/TRAYECTORIAS2020_03_13/M2020-03-13-10-25-25/img/image_201.png 115.214228 -22.107413 -1.911308 [330.617311, 239.059229]
/mnt/gpid07/users/morros/VFOA/TRAYECTORIAS2020_03_13/M2020-03-13-10-25-25/img/image_202.png 116.811967 -29.597650 -2.356031 [336.489838, 200.964645]
/mnt/gpid07/users/morros/VFOA/TRAYECTORIAS2020_03_13/M2020-03-13-10-25-25/img/image_203.png 117.814576 -36.040180 -3.834968 [338.439911, 175.674225]
/mnt/gpid07/users/morros/VFOA/TRAYECTORIAS2020_03_13/M2020-03-13-10-25-25/img/image_204.png 118.794602 -41.371364 -5.442539 [338.595694, 173.273224]
/mnt/gpid07/users/morros/VFOA/TRAYECTORIAS2020_03_13/M2020-03-13-10-25-25/img/image_205.png 119.729530 -43.797445 -6.363961 [343.554077, 152.220673]
/mnt/gpid07/users/morros/VFOA/TRAYECTORIAS2020_03_13/M2020-03-13-10-25-25/img/image_206.png 121.746767 -43.455314 -7.965223 [345.989044, 139.240402]
/mnt/gpid07/users/morros/VFOA/TRAYECTORIAS2020_03_13/M2020-03-13-10-25-25/img/image_207.png 126.071333 -38.287819 -10.587263 [347.593903, 128.865265]
/mnt/gpid07/users/morros/VFOA/TRAYECTORIAS2020_03_13/M2020-03-13-10-25-25/img/image_208.png 130.249950 -28.231602 -12.091033 [349.813354, 122.932625]
/mnt/gpid07/users/morros/VFOA/TRAYECTORIAS2020_03_13/M2020-03-13-10-25-25/img/image_209.png 133.151135 -21.844327 -12.552830 [353.091248, 122.274628]
/mnt/gpid07/users/morros/VFOA/TRAYECTORIAS2020_03_13/M2020-03-13-10-25-25/img/image_210.png 136.643985 -17.943160 -13.212244 [363.459106, 123.965302]
/mnt/gpid07/users/morros/VFOA/TRAYECTORIAS2020_03_13/M2020-03-13-10-25-25/img/image_211.png 136.399491 -15.701766 -11.100086 [370.591797, 129.943787]
/mnt/gpid07/users/morros/VFOA/TRAYECTORIAS2020_03_13/M2020-03-13-10-25-25/img/image_212.png 135.257617 -14.469196 -8.132762 [362.890289, 131.797501]
/mnt/gpid07/users/morros/VFOA/TRAYECTORIAS2020_03_13/M2020-03-13-10-25-25/img/image_213.png 134.031120 -13.245602 -4.940750 [343.064575, 134.078949]
/mnt/gpid07/users/morros/VFOA/TRAYECTORIAS2020_03_13/M2020-03-13-10-25-25/img/image_214.png 133.993883 -11.796494 -2.194997 [319.876038, 133.866211]
/mnt/gpid07/users/morros/VFOA/TRAYECTORIAS2020_03_13/M2020-03-13-10-25-25/img/image_215.png 138.437557 -9.212922 -0.785285 [300.975677, 133.091949]
/mnt/gpid07/users/morros/VFOA/TRAYECTORIAS2020_03_13/M2020-03-13-10-25-25/img/image_216.png 149.064105 -7.607706 -0.503073 [296.864777, 137.815247]
/mnt/gpid07/users/morros/VFOA/TRAYECTORIAS2020_03_13/M2020-03-13-10-25-25/img/image_217.png 163.347935 -8.065595 -1.221632 [300.390015, 139.052811]
/mnt/gpid07/users/morros/VFOA/TRAYECTORIAS2020_03_13/M2020-03-13-10-25-25/img/image_218.png 177.324378 -9.109508 -3.717059 [308.989838, 133.915298]
/mnt/gpid07/users/morros/VFOA/TRAYECTORIAS2020_03_13/M2020-03-13-10-25-25/img/image_219.png -167.465307 -8.341197 -7.507491 [319.147614, 138.390411]
/mnt/gpid07/users/morros/VFOA/TRAYECTORIAS2020_03_13/M2020-03-13-10-25-25/img/image_220.png -157.378529 -7.896409 -10.480700 [324.664612, 138.587433]
/mnt/gpid07/users/morros/VFOA/TRAYECTORIAS2020_03_13/M2020-03-13-10-25-25/img/image_221.png -154.079247 -9.229355 -9.858425 [325.169904, 138.564354]
/mnt/gpid07/users/morros/VFOA/TRAYECTORIAS2020_03_13/M2020-03-13-10-25-25/img/image_222.png -153.149480 -8.892941 -8.801473 [304.026703, 157.14447]
/mnt/gpid07/users/morros/VFOA/TRAYECTORIAS2020_03_13/M2020-03-13-10-25-25/img/image_223.png -153.395035 -6.470243 -6.814871 [285.871277, 176.410309]
/mnt/gpid07/users/morros/VFOA/TRAYECTORIAS2020_03_13/M2020-03-13-10-25-25/img/image_224.png -156.034681 -6.418165 -6.015770 [264.167633, 200.989853]
/mnt/gpid07/users/morros/VFOA/TRAYECTORIAS2020_03_13/M2020-03-13-10-25-25/img/image_225.png -160.568882 -7.261937 -4.307623 [241.71312, 220.764526]
/mnt/gpid07/users/morros/VFOA/TRAYECTORIAS2020_03_13/M2020-03-13-10-25-25/img/image_226.png -160.341102 -6.651659 -3.026227 [239.460159, 222.693945]
/mnt/gpid07/users/morros/VFOA/TRAYECTORIAS2020_03_13/M2020-03-13-10-25-25/img/image_227.png -160.382535 -7.830760 -3.225070 [239.436879, 222.708434]
/mnt/gpid07/users/morros/VFOA/TRAYECTORIAS2020_03_13/M2020-03-13-10-25-25/img/image_228.png -159.233329 -6.705327 -3.232977 [196.590958, 230.227859]
/mnt/gpid07/users/morros/VFOA/TRAYECTORIAS2020_03_13/M2020-03-13-10-25-25/img/image_229.png -159.982628 -7.326591 -2.623579 [176.756073, 206.833466]
/mnt/gpid07/users/morros/VFOA/TRAYECTORIAS2020_03_13/M2020-03-13-10-25-25/img/image_230.png -161.831690 -8.097484 -2.765863 [175.002695, 204.184888]
/mnt/gpid07/users/morros/VFOA/TRAYECTORIAS2020_03_13/M2020-03-13-10-25-25/img/image_231.png -164.597457 -10.396982 -3.002024 [149.607254, 170.161362]
/mnt/gpid07/users/morros/VFOA/TRAYECTORIAS2020_03_13/M2020-03-13-10-25-25/img/image_232.png -167.509292 -13.849156 -2.545293 [146.831289, 166.44526]
/mnt/gpid07/users/morros/VFOA/TRAYECTORIAS2020_03_13/M2020-03-13-10-25-25/img/image_233.png -167.670209 -17.352995 -2.507276 [128.812408, 166.859039]
/mnt/gpid07/users/morros/VFOA/TRAYECTORIAS2020_03_13/M2020-03-13-10-25-25/img/image_234.png -169.386823 -22.321082 -2.076214 [114.207581, 167.539963]
/mnt/gpid07/users/morros/VFOA/TRAYECTORIAS2020_03_13/M2020-03-13-10-25-25/img/image_235.png -170.317436 -24.658467 -2.458518 [103.326279, 173.530197]
/mnt/gpid07/users/morros/VFOA/TRAYECTORIAS2020_03_13/M2020-03-13-10-25-25/img/image_236.png -172.006678 -28.392589 -3.047816 [100.577972, 173.24295]
/mnt/gpid07/users/morros/VFOA/TRAYECTORIAS2020_03_13/M2020-03-13-10-25-25/img/image_237.png -174.448729 -31.605676 -3.289747 [100.384472, 173.151451]
/mnt/gpid07/users/morros/VFOA/TRAYECTORIAS2020_03_13/M2020-03-13-10-25-25/img/image_238.png -176.826294 -33.270337 -3.543426 [100.39067, 173.144258]
/mnt/gpid07/users/morros/VFOA/TRAYECTORIAS2020_03_13/M2020-03-13-10-25-25/img/image_239.png -178.327678 -34.418586 -3.869252 [100.393287, 173.144382]
/mnt/gpid07/users/morros/VFOA/TRAYECTORIAS2020_03_13/M2020-03-13-10-25-25/img/image_240.png -179.163332 -32.396269 -3.972762 [100.393512, 173.144468]
/mnt/gpid07/users/morros/VFOA/TRAYECTORIAS2020_03_13/M2020-03-13-10-25-25/img/image_241.png -175.393277 -25.854055 -4.109069 [100.393511, 173.144476]
/mnt/gpid07/users/morros/VFOA/TRAYECTORIAS2020_03_13/M2020-03-13-10-25-25/img/image_242.png -167.612910 -16.492743 -4.020563 [119.681267, 161.80687]
/mnt/gpid07/users/morros/VFOA/TRAYECTORIAS2020_03_13/M2020-03-13-10-25-25/img/image_243.png -158.794253 -9.444870 -3.508827 [137.257584, 165.345596]
/mnt/gpid07/users/morros/VFOA/TRAYECTORIAS2020_03_13/M2020-03-13-10-25-25/img/image_244.png -149.240325 -5.619388 -2.453941 [138.998101, 165.848232]
/mnt/gpid07/users/morros/VFOA/TRAYECTORIAS2020_03_13/M2020-03-13-10-25-25/img/image_245.png -140.188060 -6.491071 -1.292233 [159.009018, 167.153778]
/mnt/gpid07/users/morros/VFOA/TRAYECTORIAS2020_03_13/M2020-03-13-10-25-25/img/image_246.png -134.797796 -9.228672 -0.546543 [165.496353, 171.058151]
/mnt/gpid07/users/morros/VFOA/TRAYECTORIAS2020_03_13/M2020-03-13-10-25-25/img/image_247.png -127.880988 -7.007706 -0.489415 [168.463455, 186.77594]
/mnt/gpid07/users/morros/VFOA/TRAYECTORIAS2020_03_13/M2020-03-13-10-25-25/img/image_248.png -124.217444 -8.643430 -0.176084 [175.704117, 207.576187]
/mnt/gpid07/users/morros/VFOA/TRAYECTORIAS2020_03_13/M2020-03-13-10-25-25/img/image_249.png -120.438364 -9.444107 -1.104782 [184.678192, 228.656143]
/mnt/gpid07/users/morros/VFOA/TRAYECTORIAS2020_03_13/M2020-03-13-10-25-25/img/image_250.png -120.786382 -14.683261 -2.646904 [193.223282, 246.240509]
/mnt/gpid07/users/morros/VFOA/TRAYECTORIAS2020_03_13/M2020-03-13-10-25-25/img/image_251.png -120.630854 -16.524289 -2.560667 [199.629776, 258.964508]
/mnt/gpid07/users/morros/VFOA/TRAYECTORIAS2020_03_13/M2020-03-13-10-25-25/img/image_252.png -125.209469 -22.755989 -1.468481 [195.636856, 271.958069]
/mnt/gpid07/users/morros/VFOA/TRAYECTORIAS2020_03_13/M2020-03-13-10-25-25/img/image_253.png -130.890816 -26.041822 0.617913 [188.944061, 281.242218]
/mnt/gpid07/users/morros/VFOA/TRAYECTORIAS2020_03_13/M2020-03-13-10-25-25/img/image_254.png -118.583382 -28.545011 0.907896 [181.425323, 287.314819]
/mnt/gpid07/users/morros/VFOA/TRAYECTORIAS2020_03_13/M2020-03-13-10-25-25/img/image_255.png -113.627108 -30.495434 -0.542689 [174.383072, 291.954254]
/mnt/gpid07/users/morros/VFOA/TRAYECTORIAS2020_03_13/M2020-03-13-10-25-25/img/image_256.png -111.940653 -31.694644 -1.218517 [171.635468, 293.130127]
/mnt/gpid07/users/morros/VFOA/TRAYECTORIAS2020_03_13/M2020-03-13-10-25-25/img/image_257.png -111.289664 -32.828208 -1.254177 [170.447281, 294.071869]
/mnt/gpid07/users/morros/VFOA/TRAYECTORIAS2020_03_13/M2020-03-13-10-25-25/img/image_258.png -109.361770 -29.109907 -0.383543 [169.40715, 295.033691]
/mnt/gpid07/users/morros/VFOA/TRAYECTORIAS2020_03_13/M2020-03-13-10-25-25/img/image_259.png -107.649863 -17.583771 -1.790457 [172.382141, 293.944916]
/mnt/gpid07/users/morros/VFOA/TRAYECTORIAS2020_03_13/M2020-03-13-10-25-25/img/image_260.png -107.406949 -7.792808 -2.844178 [182.076797, 290.69223]
/mnt/gpid07/users/morros/VFOA/TRAYECTORIAS2020_03_13/M2020-03-13-10-25-25/img/image_261.png -101.787609 -3.770328 -2.237863 [197.608521, 281.974762]
/mnt/gpid07/users/morros/VFOA/TRAYECTORIAS2020_03_13/M2020-03-13-10-25-25/img/image_262.png -92.524686 -1.973630 -1.317807 [213.274368, 282.573395]
/mnt/gpid07/users/morros/VFOA/TRAYECTORIAS2020_03_13/M2020-03-13-10-25-25/img/image_263.png -87.613623 -1.290054 -0.022911 [214.842294, 282.726419]
/mnt/gpid07/users/morros/VFOA/TRAYECTORIAS2020_03_13/M2020-03-13-10-25-25/img/image_264.png -83.116581 -2.164709 -0.290706 [214.858108, 282.737265]
/mnt/gpid07/users/morros/VFOA/TRAYECTORIAS2020_03_13/M2020-03-13-10-25-25/img/image_265.png -77.603363 -2.446436 -1.231216 [214.844168, 282.736928]
/mnt/gpid07/users/morros/VFOA/TRAYECTORIAS2020_03_13/M2020-03-13-10-25-25/img/image_266.png -69.739639 -4.492343 -2.406842 [208.655853, 267.584778]
/mnt/gpid07/users/morros/VFOA/TRAYECTORIAS2020_03_13/M2020-03-13-10-25-25/img/image_267.png -64.221702 -8.713016 -4.325876 [195.3647, 262.523926]
/mnt/gpid07/users/morros/VFOA/TRAYECTORIAS2020_03_13/M2020-03-13-10-25-25/img/image_268.png -63.153186 -11.630028 -4.515380 [192.184799, 257.441925]
/mnt/gpid07/users/morros/VFOA/TRAYECTORIAS2020_03_13/M2020-03-13-10-25-25/img/image_269.png -54.620434 -9.430200 -2.127650 [197.892532, 255.887482]
/mnt/gpid07/users/morros/VFOA/TRAYECTORIAS2020_03_13/M2020-03-13-10-25-25/img/image_270.png -52.093869 -8.880077 -1.647145 [214.266754, 247.626968]
/mnt/gpid07/users/morros/VFOA/TRAYECTORIAS2020_03_13/M2020-03-13-10-25-25/img/image_271.png -47.311824 -10.001259 -2.117211 [241.87117, 240.189423]
/mnt/gpid07/users/morros/VFOA/TRAYECTORIAS2020_03_13/M2020-03-13-10-25-25/img/image_272.png -41.855904 -11.151988 -2.095853 [279.700714, 236.473267]
/mnt/gpid07/users/morros/VFOA/TRAYECTORIAS2020_03_13/M2020-03-13-10-25-25/img/image_273.png -37.948436 -12.981150 -0.756505 [316.337341, 238.047134]
/mnt/gpid07/users/morros/VFOA/TRAYECTORIAS2020_03_13/M2020-03-13-10-25-25/img/image_274.png -34.635140 -15.027688 0.949241 [343.529144, 236.144455]
/mnt/gpid07/users/morros/VFOA/TRAYECTORIAS2020_03_13/M2020-03-13-10-25-25/img/image_275.png -26.673416 -19.326749 0.776758 [363.533691, 232.218445]
/mnt/gpid07/users/morros/VFOA/TRAYECTORIAS2020_03_13/M2020-03-13-10-25-25/img/image_276.png -21.928177 -24.344412 0.832934 [379.750244, 237.461456]
/mnt/gpid07/users/morros/VFOA/TRAYECTORIAS2020_03_13/M2020-03-13-10-25-25/img/image_277.png -17.455089 -29.314115 -0.255032 [392.234924, 249.111847]
/mnt/gpid07/users/morros/VFOA/TRAYECTORIAS2020_03_13/M2020-03-13-10-25-25/img/image_278.png -17.638294 -35.016853 -0.058673 [406.331757, 268.081635]
/mnt/gpid07/users/morros/VFOA/TRAYECTORIAS2020_03_13/M2020-03-13-10-25-25/img/image_279.png -15.841094 -32.421374 -1.065644 [407.757561, 270.051807]
/mnt/gpid07/users/morros/VFOA/TRAYECTORIAS2020_03_13/M2020-03-13-10-25-25/img/image_280.png -17.273810 -24.815338 -1.440750 [407.773432, 270.078828]
/mnt/gpid07/users/morros/VFOA/TRAYECTORIAS2020_03_13/M2020-03-13-10-25-25/img/image_281.png -20.448394 -15.423084 -1.465289 [407.760919, 270.062099]
/mnt/gpid07/users/morros/VFOA/TRAYECTORIAS2020_03_13/M2020-03-13-10-25-25/img/image_282.png -26.250065 -10.792077 -1.371769 [396.817535, 320.447845]
/mnt/gpid07/users/morros/VFOA/TRAYECTORIAS2020_03_13/M2020-03-13-10-25-25/img/image_283.png -38.266150 -7.687650 -0.564658 [378.051941, 319.418427]
/mnt/gpid07/users/morros/VFOA/TRAYECTORIAS2020_03_13/M2020-03-13-10-25-25/img/image_284.png -49.165615 -3.933101 -0.431695 [367.578522, 309.422821]
/mnt/gpid07/users/morros/VFOA/TRAYECTORIAS2020_03_13/M2020-03-13-10-25-25/img/image_285.png -59.005979 -1.802789 -0.806096 [374.703827, 308.336731]
/mnt/gpid07/users/morros/VFOA/TRAYECTORIAS2020_03_13/M2020-03-13-10-25-25/img/image_286.png -64.805194 -1.391548 -0.988109 [383.473816, 299.923157]
/mnt/gpid07/users/morros/VFOA/TRAYECTORIAS2020_03_13/M2020-03-13-10-25-25/img/image_287.png -63.161449 -2.044771 -0.633565 [396.673645, 297.558533]
/mnt/gpid07/users/morros/VFOA/TRAYECTORIAS2020_03_13/M2020-03-13-10-25-25/img/image_288.png -53.899881 -3.956340 0.291197 [406.327087, 292.79248]
/mnt/gpid07/users/morros/VFOA/TRAYECTORIAS2020_03_13/M2020-03-13-10-25-25/img/image_289.png -37.232814 -8.731419 0.872175 [412.016296, 289.557404]
/mnt/gpid07/users/morros/VFOA/TRAYECTORIAS2020_03_13/M2020-03-13-10-25-25/img/image_290.png -25.052490 -16.463273 -0.555659 [418.092865, 299.2164]
/mnt/gpid07/users/morros/VFOA/TRAYECTORIAS2020_03_13/M2020-03-13-10-25-25/img/image_291.png -16.341458 -20.863695 -1.343061 [418.704395, 300.311241]
/mnt/gpid07/users/morros/VFOA/TRAYECTORIAS2020_03_13/M2020-03-13-10-25-25/img/image_292.png -10.625262 -22.407699 -0.552388 [427.985504, 312.337799]
/mnt/gpid07/users/morros/VFOA/TRAYECTORIAS2020_03_13/M2020-03-13-10-25-25/img/image_293.png -8.671403 -21.450547 1.138315 [431.189362, 306.683838]
/mnt/gpid07/users/morros/VFOA/TRAYECTORIAS2020_03_13/M2020-03-13-10-25-25/img/image_294.png -6.498484 -20.451381 2.280768 [437.031586, 298.310699]
/mnt/gpid07/users/morros/VFOA/TRAYECTORIAS2020_03_13/M2020-03-13-10-25-25/img/image_295.png -3.007228 -18.997341 2.933932 [445.218903, 289.242889]
/mnt/gpid07/users/morros/VFOA/TRAYECTORIAS2020_03_13/M2020-03-13-10-25-25/img/image_296.png 1.773335 -15.457092 3.586092 [446.061085, 288.329162]
/mnt/gpid07/users/morros/VFOA/TRAYECTORIAS2020_03_13/M2020-03-13-10-25-25/img/image_297.png 8.187712 -12.857718 2.918086 [489.704865, 263.025787]
/mnt/gpid07/users/morros/VFOA/TRAYECTORIAS2020_03_13/M2020-03-13-10-25-25/img/image_298.png 12.533151 -10.738055 3.266005 [494.497258, 260.251553]
/mnt/gpid07/users/morros/VFOA/TRAYECTORIAS2020_03_13/M2020-03-13-10-25-25/img/image_299.png 16.527967 -10.471339 4.615813 [544.419739, 246.892563]
/mnt/gpid07/users/morros/VFOA/TRAYECTORIAS2020_03_13/M2020-03-13-10-25-25/img/image_300.png 20.823408 -9.698561 3.059726 [563.857056, 245.913864]
