/mnt/gpid07/users/morros/VFOA/TRAYECTORIAS2020_03_13/M2020-03-13-10-50-18/img/image_17.png -141.476408 -4.441712 2.444507 [572.23175, 273.785431]
/mnt/gpid07/users/morros/VFOA/TRAYECTORIAS2020_03_13/M2020-03-13-10-50-18/img/image_18.png -141.348841 -9.137525 2.253468 [547.992798, 278.711761]
/mnt/gpid07/users/morros/VFOA/TRAYECTORIAS2020_03_13/M2020-03-13-10-50-18/img/image_19.png -140.745745 -15.533567 2.098662 [522.400513, 276.66864]
/mnt/gpid07/users/morros/VFOA/TRAYECTORIAS2020_03_13/M2020-03-13-10-50-18/img/image_20.png -141.613385 -22.735931 2.326872 [490.452393, 265.143005]
/mnt/gpid07/users/morros/VFOA/TRAYECTORIAS2020_03_13/M2020-03-13-10-50-18/img/image_21.png -145.317507 -27.514068 3.262986 [464.422882, 250.282089]
/mnt/gpid07/users/morros/VFOA/TRAYECTORIAS2020_03_13/M2020-03-13-10-50-18/img/image_22.png -145.398247 -30.117253 4.151193 [435.060455, 236.866501]
/mnt/gpid07/users/morros/VFOA/TRAYECTORIAS2020_03_13/M2020-03-13-10-50-18/img/image_23.png -145.366973 -33.048282 4.105142 [413.57785, 231.547119]
/mnt/gpid07/users/morros/VFOA/TRAYECTORIAS2020_03_13/M2020-03-13-10-50-18/img/image_24.png -146.113801 -34.867704 3.854501 [386.372711, 230.047211]
/mnt/gpid07/users/morros/VFOA/TRAYECTORIAS2020_03_13/M2020-03-13-10-50-18/img/image_25.png -147.600408 -32.808427 4.331592 [362.507355, 236.285538]
/mnt/gpid07/users/morros/VFOA/TRAYECTORIAS2020_03_13/M2020-03-13-10-50-18/img/image_26.png -145.802294 -29.404071 3.888204 [332.931763, 249.596024]
/mnt/gpid07/users/morros/VFOA/TRAYECTORIAS2020_03_13/M2020-03-13-10-50-18/img/image_27.png -144.703675 -26.311498 3.505612 [306.12735, 266.282349]
/mnt/gpid07/users/morros/VFOA/TRAYECTORIAS2020_03_13/M2020-03-13-10-50-18/img/image_28.png -136.917350 -22.870862 1.524832 [285.355103, 276.186676]
/mnt/gpid07/users/morros/VFOA/TRAYECTORIAS2020_03_13/M2020-03-13-10-50-18/img/image_29.png -123.484382 -19.069614 -1.675896 [273.275665, 279.219635]
/mnt/gpid07/users/morros/VFOA/TRAYECTORIAS2020_03_13/M2020-03-13-10-50-18/img/image_30.png -109.850280 -16.411901 -3.946078 [265.697327, 281.056335]
/mnt/gpid07/users/morros/VFOA/TRAYECTORIAS2020_03_13/M2020-03-13-10-50-18/img/image_31.png -101.637628 -13.956765 -5.054054 [268.632965, 277.421051]
/mnt/gpid07/users/morros/VFOA/TRAYECTORIAS2020_03_13/M2020-03-13-10-50-18/img/image_32.png -93.316102 -11.391956 -4.894071 [271.127625, 268.402069]
/mnt/gpid07/users/morros/VFOA/TRAYECTORIAS2020_03_13/M2020-03-13-10-50-18/img/image_33.png -87.300456 -10.353882 -3.997762 [273.536133, 250.832962]
/mnt/gpid07/users/morros/VFOA/TRAYECTORIAS2020_03_13/M2020-03-13-10-50-18/img/image_34.png -81.693153 -9.263396 -3.014740 [270.118958, 229.518326]
/mnt/gpid07/users/morros/VFOA/TRAYECTORIAS2020_03_13/M2020-03-13-10-50-18/img/image_35.png -76.964508 -9.374442 -1.880352 [263.230133, 213.474716]
/mnt/gpid07/users/morros/VFOA/TRAYECTORIAS2020_03_13/M2020-03-13-10-50-18/img/image_36.png -71.972405 -8.861062 -1.039650 [262.506534, 211.923065]
/mnt/gpid07/users/morros/VFOA/TRAYECTORIAS2020_03_13/M2020-03-13-10-50-18/img/image_37.png -63.626525 -8.444218 0.087286 [262.495826, 211.91282]
/mnt/gpid07/users/morros/VFOA/TRAYECTORIAS2020_03_13/M2020-03-13-10-50-18/img/image_38.png -57.525828 -7.492558 0.243271 [262.501885, 211.92721]
/mnt/gpid07/users/morros/VFOA/TRAYECTORIAS2020_03_13/M2020-03-13-10-50-18/img/image_39.png -52.666207 -8.012283 -0.423243 [262.502658, 211.928895]
/mnt/gpid07/users/morros/VFOA/TRAYECTORIAS2020_03_13/M2020-03-13-10-50-18/img/image_40.png -50.524124 -6.891538 -1.060556 [262.502683, 211.928936]
/mnt/gpid07/users/morros/VFOA/TRAYECTORIAS2020_03_13/M2020-03-13-10-50-18/img/image_41.png -49.223854 -7.621515 -1.065497 [336.240784, 245.926666]
/mnt/gpid07/users/morros/VFOA/TRAYECTORIAS2020_03_13/M2020-03-13-10-50-18/img/image_42.png -49.112426 -7.925742 -1.215747 [353.97937, 250.899109]
/mnt/gpid07/users/morros/VFOA/TRAYECTORIAS2020_03_13/M2020-03-13-10-50-18/img/image_43.png -48.147221 -7.680620 -1.734274 [358.790924, 255.848892]
/mnt/gpid07/users/morros/VFOA/TRAYECTORIAS2020_03_13/M2020-03-13-10-50-18/img/image_44.png -44.496285 -7.466621 -1.604111 [351.990417, 264.673584]
/mnt/gpid07/users/morros/VFOA/TRAYECTORIAS2020_03_13/M2020-03-13-10-50-18/img/image_45.png -41.263962 -7.019545 -1.090220 [337.813263, 273.95285]
/mnt/gpid07/users/morros/VFOA/TRAYECTORIAS2020_03_13/M2020-03-13-10-50-18/img/image_46.png -36.006114 -7.156258 -0.163593 [323.598083, 285.098114]
/mnt/gpid07/users/morros/VFOA/TRAYECTORIAS2020_03_13/M2020-03-13-10-50-18/img/image_47.png -31.820084 -7.942606 0.060494 [312.33316, 289.459473]
/mnt/gpid07/users/morros/VFOA/TRAYECTORIAS2020_03_13/M2020-03-13-10-50-18/img/image_48.png -29.053722 -8.663028 0.506158 [305.036713, 293.145172]
/mnt/gpid07/users/morros/VFOA/TRAYECTORIAS2020_03_13/M2020-03-13-10-50-18/img/image_49.png -24.515552 -10.102622 1.535880 [303.81134, 296.659454]
/mnt/gpid07/users/morros/VFOA/TRAYECTORIAS2020_03_13/M2020-03-13-10-50-18/img/image_50.png -21.011355 -12.125472 2.154353 [308.368866, 297.829712]
/mnt/gpid07/users/morros/VFOA/TRAYECTORIAS2020_03_13/M2020-03-13-10-50-18/img/image_51.png -18.229984 -13.477058 2.967025 [319.532318, 298.55069]
/mnt/gpid07/users/morros/VFOA/TRAYECTORIAS2020_03_13/M2020-03-13-10-50-18/img/image_52.png -15.158029 -15.639886 3.436901 [332.389496, 298.593842]
/mnt/gpid07/users/morros/VFOA/TRAYECTORIAS2020_03_13/M2020-03-13-10-50-18/img/image_53.png -11.594115 -17.445838 3.471005 [347.282196, 297.275116]
/mnt/gpid07/users/morros/VFOA/TRAYECTORIAS2020_03_13/M2020-03-13-10-50-18/img/image_54.png -7.959393 -20.157936 2.773227 [365.826508, 296.17218]
/mnt/gpid07/users/morros/VFOA/TRAYECTORIAS2020_03_13/M2020-03-13-10-50-18/img/image_55.png -5.382921 -21.809721 3.476255 [383.180634, 296.286865]
/mnt/gpid07/users/morros/VFOA/TRAYECTORIAS2020_03_13/M2020-03-13-10-50-18/img/image_56.png -3.964712 -24.559295 2.789209 [399.240204, 297.186768]
/mnt/gpid07/users/morros/VFOA/TRAYECTORIAS2020_03_13/M2020-03-13-10-50-18/img/image_57.png -2.169393 -29.205528 2.934626 [410.571381, 300.115295]
/mnt/gpid07/users/morros/VFOA/TRAYECTORIAS2020_03_13/M2020-03-13-10-50-18/img/image_58.png -0.452209 -35.762873 2.753482 [415.06723, 309.332092]
/mnt/gpid07/users/morros/VFOA/TRAYECTORIAS2020_03_13/M2020-03-13-10-50-18/img/image_59.png -2.806181 -38.858383 3.450892 [414.028351, 324.281769]
/mnt/gpid07/users/morros/VFOA/TRAYECTORIAS2020_03_13/M2020-03-13-10-50-18/img/image_60.png -2.531645 -42.295012 3.242693 [407.645508, 346.295166]
/mnt/gpid07/users/morros/VFOA/TRAYECTORIAS2020_03_13/M2020-03-13-10-50-18/img/image_61.png -3.518500 -43.163346 4.169585 [402.830872, 363.827515]
/mnt/gpid07/users/morros/VFOA/TRAYECTORIAS2020_03_13/M2020-03-13-10-50-18/img/image_62.png -3.426857 -40.699622 4.866849 [410.964966, 381.238312]
/mnt/gpid07/users/morros/VFOA/TRAYECTORIAS2020_03_13/M2020-03-13-10-50-18/img/image_63.png -1.614864 -33.984811 3.795793 [419.060211, 392.230927]
/mnt/gpid07/users/morros/VFOA/TRAYECTORIAS2020_03_13/M2020-03-13-10-50-18/img/image_64.png 4.715395 -24.760884 1.147552 [427.642151, 397.080078]
/mnt/gpid07/users/morros/VFOA/TRAYECTORIAS2020_03_13/M2020-03-13-10-50-18/img/image_65.png 12.936377 -16.887590 0.045260 [436.767609, 395.702454]
/mnt/gpid07/users/morros/VFOA/TRAYECTORIAS2020_03_13/M2020-03-13-10-50-18/img/image_66.png 21.734551 -11.886798 -0.148984 [446.797943, 389.339722]
/mnt/gpid07/users/morros/VFOA/TRAYECTORIAS2020_03_13/M2020-03-13-10-50-18/img/image_67.png 28.055309 -6.766523 0.322553 [453.080597, 379.109497]
/mnt/gpid07/users/morros/VFOA/TRAYECTORIAS2020_03_13/M2020-03-13-10-50-18/img/image_68.png 30.355063 -4.686652 0.021753 [454.087097, 364.694733]
/mnt/gpid07/users/morros/VFOA/TRAYECTORIAS2020_03_13/M2020-03-13-10-50-18/img/image_69.png 28.905336 -3.733530 -0.490046 [447.086578, 344.095825]
/mnt/gpid07/users/morros/VFOA/TRAYECTORIAS2020_03_13/M2020-03-13-10-50-18/img/image_70.png 29.094326 -3.696179 -0.526063 [442.248016, 328.538971]
/mnt/gpid07/users/morros/VFOA/TRAYECTORIAS2020_03_13/M2020-03-13-10-50-18/img/image_71.png 31.960351 -3.773481 0.066218 [435.526764, 324.019623]
/mnt/gpid07/users/morros/VFOA/TRAYECTORIAS2020_03_13/M2020-03-13-10-50-18/img/image_72.png 32.395301 -3.939923 0.815010 [425.181793, 324.783142]
/mnt/gpid07/users/morros/VFOA/TRAYECTORIAS2020_03_13/M2020-03-13-10-50-18/img/image_73.png 34.108794 -4.350955 1.837893 [422.589508, 339.497711]
/mnt/gpid07/users/morros/VFOA/TRAYECTORIAS2020_03_13/M2020-03-13-10-50-18/img/image_74.png 36.507645 -4.487803 2.394883 [420.430969, 353.015015]
/mnt/gpid07/users/morros/VFOA/TRAYECTORIAS2020_03_13/M2020-03-13-10-50-18/img/image_75.png 39.938140 -5.721598 3.272261 [426.297943, 357.87561]
/mnt/gpid07/users/morros/VFOA/TRAYECTORIAS2020_03_13/M2020-03-13-10-50-18/img/image_76.png 42.237868 -5.495540 4.001961 [434.172882, 356.492645]
/mnt/gpid07/users/morros/VFOA/TRAYECTORIAS2020_03_13/M2020-03-13-10-50-18/img/image_77.png 44.307653 -5.924443 3.164984 [446.414368, 348.344055]
/mnt/gpid07/users/morros/VFOA/TRAYECTORIAS2020_03_13/M2020-03-13-10-50-18/img/image_78.png 44.226307 -5.319150 1.824421 [466.162201, 330.355804]
/mnt/gpid07/users/morros/VFOA/TRAYECTORIAS2020_03_13/M2020-03-13-10-50-18/img/image_79.png 44.222217 -9.477295 1.337635 [484.792786, 308.448486]
/mnt/gpid07/users/morros/VFOA/TRAYECTORIAS2020_03_13/M2020-03-13-10-50-18/img/image_80.png 43.977849 -13.896026 1.424761 [501.36319, 291.289581]
/mnt/gpid07/users/morros/VFOA/TRAYECTORIAS2020_03_13/M2020-03-13-10-50-18/img/image_81.png 45.810027 -19.942199 1.717462 [511.988464, 285.750275]
/mnt/gpid07/users/morros/VFOA/TRAYECTORIAS2020_03_13/M2020-03-13-10-50-18/img/image_82.png 51.059750 -32.916422 -0.689855 [520.746399, 293.149323]
/mnt/gpid07/users/morros/VFOA/TRAYECTORIAS2020_03_13/M2020-03-13-10-50-18/img/image_83.png 60.413487 -48.830502 -7.100704 [532.356079, 302.741608]
/mnt/gpid07/users/morros/VFOA/TRAYECTORIAS2020_03_13/M2020-03-13-10-50-18/img/image_84.png 65.955025 -63.714301 -13.160578 [538.263489, 305.309998]
/mnt/gpid07/users/morros/VFOA/TRAYECTORIAS2020_03_13/M2020-03-13-10-50-18/img/image_85.png 110.419558 -86.775732 -64.744071 [547.458801, 304.409393]
/mnt/gpid07/users/morros/VFOA/TRAYECTORIAS2020_03_13/M2020-03-13-10-50-18/img/image_86.png -144.723428 -84.461300 -172.725907 [553.637634, 301.338104]
/mnt/gpid07/users/morros/VFOA/TRAYECTORIAS2020_03_13/M2020-03-13-10-50-18/img/image_87.png -149.708751 -86.857353 -166.669324 [559.161011, 298.372742]
/mnt/gpid07/users/morros/VFOA/TRAYECTORIAS2020_03_13/M2020-03-13-10-50-18/img/image_88.png 167.314104 -86.109265 -125.069252 [561.307617, 297.384613]
/mnt/gpid07/users/morros/VFOA/TRAYECTORIAS2020_03_13/M2020-03-13-10-50-18/img/image_89.png 15.862263 -48.926555 22.879995 [560.775696, 296.848267]
/mnt/gpid07/users/morros/VFOA/TRAYECTORIAS2020_03_13/M2020-03-13-10-50-18/img/image_90.png 8.465000 -46.597247 13.699209 [562.422668, 297.495178]
/mnt/gpid07/users/morros/VFOA/TRAYECTORIAS2020_03_13/M2020-03-13-10-50-18/img/image_91.png -1.554515 -42.562877 9.928771 [555.007324, 297.409637]
/mnt/gpid07/users/morros/VFOA/TRAYECTORIAS2020_03_13/M2020-03-13-10-50-18/img/image_92.png 0.000000 0.000000 0.000000 [556.693237, 299.077881]
