/mnt/gpid07/users/morros/VFOA/TRAYECTORIAS2020_03_13/M2020-03-13-10-50-38/img/image_8.png -134.896560 -20.167345 8.272607 [585.151489, 266.798004]
/mnt/gpid07/users/morros/VFOA/TRAYECTORIAS2020_03_13/M2020-03-13-10-50-38/img/image_9.png -133.994031 -23.157353 8.268564 [552.434631, 286.234589]
/mnt/gpid07/users/morros/VFOA/TRAYECTORIAS2020_03_13/M2020-03-13-10-50-38/img/image_10.png -131.387964 -26.923682 7.702630 [525.015442, 298.014465]
/mnt/gpid07/users/morros/VFOA/TRAYECTORIAS2020_03_13/M2020-03-13-10-50-38/img/image_11.png -129.390564 -28.458217 7.202170 [496.852142, 304.784546]
/mnt/gpid07/users/morros/VFOA/TRAYECTORIAS2020_03_13/M2020-03-13-10-50-38/img/image_12.png -129.089443 -29.307815 7.543978 [491.005878, 305.310846]
/mnt/gpid07/users/morros/VFOA/TRAYECTORIAS2020_03_13/M2020-03-13-10-50-38/img/image_13.png -125.297617 -30.434489 7.622068 [436.343262, 298.694]
/mnt/gpid07/users/morros/VFOA/TRAYECTORIAS2020_03_13/M2020-03-13-10-50-38/img/image_14.png -126.635336 -31.287210 8.528347 [406.680664, 289.91507]
/mnt/gpid07/users/morros/VFOA/TRAYECTORIAS2020_03_13/M2020-03-13-10-50-38/img/image_15.png -127.281339 -34.718281 9.007641 [385.820526, 287.055634]
/mnt/gpid07/users/morros/VFOA/TRAYECTORIAS2020_03_13/M2020-03-13-10-50-38/img/image_16.png -128.781816 -37.622248 10.099409 [360.691528, 292.370575]
/mnt/gpid07/users/morros/VFOA/TRAYECTORIAS2020_03_13/M2020-03-13-10-50-38/img/image_17.png -129.213072 -40.590704 10.421314 [333.049438, 303.989441]
/mnt/gpid07/users/morros/VFOA/TRAYECTORIAS2020_03_13/M2020-03-13-10-50-38/img/image_18.png -131.244878 -42.221848 11.431965 [301.365692, 323.225708]
/mnt/gpid07/users/morros/VFOA/TRAYECTORIAS2020_03_13/M2020-03-13-10-50-38/img/image_19.png -130.724491 -45.572353 11.617848 [271.655212, 339.343719]
/mnt/gpid07/users/morros/VFOA/TRAYECTORIAS2020_03_13/M2020-03-13-10-50-38/img/image_20.png -128.854134 -47.966594 11.112389 [268.703897, 340.924338]
/mnt/gpid07/users/morros/VFOA/TRAYECTORIAS2020_03_13/M2020-03-13-10-50-38/img/image_21.png -123.807301 -48.360166 8.927604 [233.252579, 354.506775]
/mnt/gpid07/users/morros/VFOA/TRAYECTORIAS2020_03_13/M2020-03-13-10-50-38/img/image_22.png -121.866532 -47.112533 7.558380 [212.623337, 353.6203]
/mnt/gpid07/users/morros/VFOA/TRAYECTORIAS2020_03_13/M2020-03-13-10-50-38/img/image_23.png -123.794426 -43.082983 6.264522 [193.733597, 349.305786]
/mnt/gpid07/users/morros/VFOA/TRAYECTORIAS2020_03_13/M2020-03-13-10-50-38/img/image_24.png -131.504459 -34.231631 5.091617 [180.002121, 336.805939]
/mnt/gpid07/users/morros/VFOA/TRAYECTORIAS2020_03_13/M2020-03-13-10-50-38/img/image_25.png -138.634843 -26.832332 4.662383 [168.965836, 325.232147]
/mnt/gpid07/users/morros/VFOA/TRAYECTORIAS2020_03_13/M2020-03-13-10-50-38/img/image_26.png -145.518429 -17.546098 4.574447 [169.391052, 312.55368]
/mnt/gpid07/users/morros/VFOA/TRAYECTORIAS2020_03_13/M2020-03-13-10-50-38/img/image_27.png -149.035035 -8.178837 4.405557 [176.71312, 303.707275]
/mnt/gpid07/users/morros/VFOA/TRAYECTORIAS2020_03_13/M2020-03-13-10-50-38/img/image_28.png -149.632199 -2.635244 5.933327 [186.545197, 299.672913]
/mnt/gpid07/users/morros/VFOA/TRAYECTORIAS2020_03_13/M2020-03-13-10-50-38/img/image_29.png -149.348969 -0.689479 6.928709 [196.456406, 306.913391]
/mnt/gpid07/users/morros/VFOA/TRAYECTORIAS2020_03_13/M2020-03-13-10-50-38/img/image_30.png -148.783162 -0.830852 7.348524 [207.658356, 321.650604]
/mnt/gpid07/users/morros/VFOA/TRAYECTORIAS2020_03_13/M2020-03-13-10-50-38/img/image_31.png -150.596689 -2.087002 7.557221 [209.068451, 330.662537]
/mnt/gpid07/users/morros/VFOA/TRAYECTORIAS2020_03_13/M2020-03-13-10-50-38/img/image_32.png -155.560270 -2.638764 8.233734 [205.579208, 335.735626]
/mnt/gpid07/users/morros/VFOA/TRAYECTORIAS2020_03_13/M2020-03-13-10-50-38/img/image_33.png -165.001919 -1.878107 8.012020 [209.990448, 338.846802]
/mnt/gpid07/users/morros/VFOA/TRAYECTORIAS2020_03_13/M2020-03-13-10-50-38/img/image_34.png -171.998844 -1.601303 7.660969 [210.598587, 340.069702]
/mnt/gpid07/users/morros/VFOA/TRAYECTORIAS2020_03_13/M2020-03-13-10-50-38/img/image_35.png -177.417365 -1.010114 7.368668 [214.131592, 335.686279]
/mnt/gpid07/users/morros/VFOA/TRAYECTORIAS2020_03_13/M2020-03-13-10-50-38/img/image_36.png 179.256970 -0.330314 7.264463 [219.296616, 327.183807]
/mnt/gpid07/users/morros/VFOA/TRAYECTORIAS2020_03_13/M2020-03-13-10-50-38/img/image_37.png 176.799812 0.161101 6.690604 [230.933563, 311.510437]
/mnt/gpid07/users/morros/VFOA/TRAYECTORIAS2020_03_13/M2020-03-13-10-50-38/img/image_38.png 174.614034 0.450311 5.894180 [240.963531, 295.721039]
/mnt/gpid07/users/morros/VFOA/TRAYECTORIAS2020_03_13/M2020-03-13-10-50-38/img/image_39.png 175.043926 1.027448 5.663120 [252.140305, 277.324921]
/mnt/gpid07/users/morros/VFOA/TRAYECTORIAS2020_03_13/M2020-03-13-10-50-38/img/image_40.png 172.863904 0.441794 5.331778 [262.699677, 263.763367]
/mnt/gpid07/users/morros/VFOA/TRAYECTORIAS2020_03_13/M2020-03-13-10-50-38/img/image_41.png 166.459448 0.361511 5.803515 [264.451263, 257.015686]
/mnt/gpid07/users/morros/VFOA/TRAYECTORIAS2020_03_13/M2020-03-13-10-50-38/img/image_42.png 157.901126 1.741428 6.656584 [257.805542, 253.418365]
/mnt/gpid07/users/morros/VFOA/TRAYECTORIAS2020_03_13/M2020-03-13-10-50-38/img/image_43.png 148.108954 2.110464 5.965081 [242.550247, 256.580963]
/mnt/gpid07/users/morros/VFOA/TRAYECTORIAS2020_03_13/M2020-03-13-10-50-38/img/image_44.png 141.951976 1.358248 6.520145 [226.268097, 265.37677]
/mnt/gpid07/users/morros/VFOA/TRAYECTORIAS2020_03_13/M2020-03-13-10-50-38/img/image_45.png 136.249243 0.816825 6.284703 [209.435898, 269.755066]
/mnt/gpid07/users/morros/VFOA/TRAYECTORIAS2020_03_13/M2020-03-13-10-50-38/img/image_46.png 131.666501 1.165706 5.616008 [207.747177, 270.14872]
/mnt/gpid07/users/morros/VFOA/TRAYECTORIAS2020_03_13/M2020-03-13-10-50-38/img/image_47.png 131.416807 1.008234 5.478311 [190.601379, 264.314911]
/mnt/gpid07/users/morros/VFOA/TRAYECTORIAS2020_03_13/M2020-03-13-10-50-38/img/image_48.png 129.558737 1.498771 4.776624 [193.352127, 252.260513]
/mnt/gpid07/users/morros/VFOA/TRAYECTORIAS2020_03_13/M2020-03-13-10-50-38/img/image_49.png 127.927742 0.909193 4.197994 [208.326462, 240.254181]
/mnt/gpid07/users/morros/VFOA/TRAYECTORIAS2020_03_13/M2020-03-13-10-50-38/img/image_50.png 124.895612 -0.804046 2.153355 [230.251038, 228.161667]
/mnt/gpid07/users/morros/VFOA/TRAYECTORIAS2020_03_13/M2020-03-13-10-50-38/img/image_51.png 122.834197 -3.237143 0.581015 [254.641541, 217.633133]
/mnt/gpid07/users/morros/VFOA/TRAYECTORIAS2020_03_13/M2020-03-13-10-50-38/img/image_52.png 117.922232 -4.832300 -0.978641 [272.892029, 210.610153]
/mnt/gpid07/users/morros/VFOA/TRAYECTORIAS2020_03_13/M2020-03-13-10-50-38/img/image_53.png 112.647956 -5.898433 -1.900282 [274.655677, 209.942911]
/mnt/gpid07/users/morros/VFOA/TRAYECTORIAS2020_03_13/M2020-03-13-10-50-38/img/image_54.png 105.761236 -5.987525 -0.659812 [274.667174, 209.939744]
/mnt/gpid07/users/morros/VFOA/TRAYECTORIAS2020_03_13/M2020-03-13-10-50-38/img/image_55.png 96.191727 -4.842190 -0.808965 [274.650802, 209.946068]
/mnt/gpid07/users/morros/VFOA/TRAYECTORIAS2020_03_13/M2020-03-13-10-50-38/img/image_56.png 86.811847 -4.558153 -1.077560 [274.648886, 209.946795]
/mnt/gpid07/users/morros/VFOA/TRAYECTORIAS2020_03_13/M2020-03-13-10-50-38/img/image_57.png 77.207853 -3.874854 -1.782632 [274.648839, 209.946812]
/mnt/gpid07/users/morros/VFOA/TRAYECTORIAS2020_03_13/M2020-03-13-10-50-38/img/image_58.png 69.196799 -4.221490 -0.892099 [274.648853, 209.946807]
/mnt/gpid07/users/morros/VFOA/TRAYECTORIAS2020_03_13/M2020-03-13-10-50-38/img/image_59.png 64.566009 -4.266972 -0.903072 [297.559509, 163.711319]
/mnt/gpid07/users/morros/VFOA/TRAYECTORIAS2020_03_13/M2020-03-13-10-50-38/img/image_60.png 59.859919 -3.844816 -1.070385 [313.32428, 174.138336]
/mnt/gpid07/users/morros/VFOA/TRAYECTORIAS2020_03_13/M2020-03-13-10-50-38/img/image_61.png 56.397578 -3.782775 -0.991722 [330.100494, 186.396378]
/mnt/gpid07/users/morros/VFOA/TRAYECTORIAS2020_03_13/M2020-03-13-10-50-38/img/image_62.png 52.824607 -4.151098 -1.255825 [341.848541, 194.179779]
/mnt/gpid07/users/morros/VFOA/TRAYECTORIAS2020_03_13/M2020-03-13-10-50-38/img/image_63.png 47.460624 -4.855694 -1.522575 [353.147766, 197.258698]
/mnt/gpid07/users/morros/VFOA/TRAYECTORIAS2020_03_13/M2020-03-13-10-50-38/img/image_64.png 43.830215 -4.964505 0.350945 [368.519165, 196.847198]
/mnt/gpid07/users/morros/VFOA/TRAYECTORIAS2020_03_13/M2020-03-13-10-50-38/img/image_65.png 37.917133 -3.729408 0.769326 [387.159119, 191.46257]
/mnt/gpid07/users/morros/VFOA/TRAYECTORIAS2020_03_13/M2020-03-13-10-50-38/img/image_66.png 32.038232 -3.268426 0.989843 [401.890015, 181.293945]
/mnt/gpid07/users/morros/VFOA/TRAYECTORIAS2020_03_13/M2020-03-13-10-50-38/img/image_67.png 29.394843 -3.759059 0.695420 [413.270386, 174.164612]
/mnt/gpid07/users/morros/VFOA/TRAYECTORIAS2020_03_13/M2020-03-13-10-50-38/img/image_68.png 28.392378 -3.965707 1.122409 [426.164062, 176.411209]
/mnt/gpid07/users/morros/VFOA/TRAYECTORIAS2020_03_13/M2020-03-13-10-50-38/img/image_69.png 26.980950 -3.762860 1.802741 [442.377472, 186.610504]
/mnt/gpid07/users/morros/VFOA/TRAYECTORIAS2020_03_13/M2020-03-13-10-50-38/img/image_70.png 25.480551 -3.595278 1.907996 [462.2883, 205.990509]
/mnt/gpid07/users/morros/VFOA/TRAYECTORIAS2020_03_13/M2020-03-13-10-50-38/img/image_71.png 24.043985 -3.208511 2.193173 [476.2276, 227.318085]
/mnt/gpid07/users/morros/VFOA/TRAYECTORIAS2020_03_13/M2020-03-13-10-50-38/img/image_72.png 22.784861 -3.199502 2.022748 [485.995758, 243.097595]
/mnt/gpid07/users/morros/VFOA/TRAYECTORIAS2020_03_13/M2020-03-13-10-50-38/img/image_73.png 20.389672 -2.377708 1.348268 [495.126312, 250.605042]
/mnt/gpid07/users/morros/VFOA/TRAYECTORIAS2020_03_13/M2020-03-13-10-50-38/img/image_74.png 17.021638 -3.634519 1.403416 [498.931335, 250.376968]
/mnt/gpid07/users/morros/VFOA/TRAYECTORIAS2020_03_13/M2020-03-13-10-50-38/img/image_75.png 11.071237 -6.314571 1.733483 [501.961517, 246.980362]
/mnt/gpid07/users/morros/VFOA/TRAYECTORIAS2020_03_13/M2020-03-13-10-50-38/img/image_76.png 4.080632 -7.873178 1.587707 [504.769897, 242.458435]
/mnt/gpid07/users/morros/VFOA/TRAYECTORIAS2020_03_13/M2020-03-13-10-50-38/img/image_77.png -4.070849 -7.591269 1.233770 [507.25592, 240.405334]
/mnt/gpid07/users/morros/VFOA/TRAYECTORIAS2020_03_13/M2020-03-13-10-50-38/img/image_78.png -8.766028 -7.441499 1.983020 [506.827301, 246.412613]
/mnt/gpid07/users/morros/VFOA/TRAYECTORIAS2020_03_13/M2020-03-13-10-50-38/img/image_79.png -13.390034 -7.535226 3.150188 [496.487823, 259.660797]
/mnt/gpid07/users/morros/VFOA/TRAYECTORIAS2020_03_13/M2020-03-13-10-50-38/img/image_80.png -18.029757 -8.994109 3.228912 [480.770905, 277.184143]
/mnt/gpid07/users/morros/VFOA/TRAYECTORIAS2020_03_13/M2020-03-13-10-50-38/img/image_81.png -20.079481 -9.822977 2.774194 [466.955505, 292.663147]
/mnt/gpid07/users/morros/VFOA/TRAYECTORIAS2020_03_13/M2020-03-13-10-50-38/img/image_82.png -21.159166 -10.582214 3.536082 [459.003937, 302.406647]
/mnt/gpid07/users/morros/VFOA/TRAYECTORIAS2020_03_13/M2020-03-13-10-50-38/img/image_83.png -20.973764 -15.117337 4.189935 [456.68222, 306.328186]
/mnt/gpid07/users/morros/VFOA/TRAYECTORIAS2020_03_13/M2020-03-13-10-50-38/img/image_84.png -20.137118 -25.387757 5.904429 [461.610657, 306.926544]
/mnt/gpid07/users/morros/VFOA/TRAYECTORIAS2020_03_13/M2020-03-13-10-50-38/img/image_85.png -20.973935 -33.659785 7.544801 [468.949158, 310.622498]
/mnt/gpid07/users/morros/VFOA/TRAYECTORIAS2020_03_13/M2020-03-13-10-50-38/img/image_86.png -20.577530 -42.498051 8.823404 [479.181427, 322.957947]
/mnt/gpid07/users/morros/VFOA/TRAYECTORIAS2020_03_13/M2020-03-13-10-50-38/img/image_87.png -21.322280 -45.074439 9.271509 [493.219696, 336.536499]
/mnt/gpid07/users/morros/VFOA/TRAYECTORIAS2020_03_13/M2020-03-13-10-50-38/img/image_88.png -20.820848 -46.107191 8.921013 [501.603638, 344.954681]
/mnt/gpid07/users/morros/VFOA/TRAYECTORIAS2020_03_13/M2020-03-13-10-50-38/img/image_89.png -19.231025 -42.529246 8.620245 [506.375702, 348.500458]
/mnt/gpid07/users/morros/VFOA/TRAYECTORIAS2020_03_13/M2020-03-13-10-50-38/img/image_90.png -15.294989 -36.264515 7.317287 [506.553253, 348.430725]
/mnt/gpid07/users/morros/VFOA/TRAYECTORIAS2020_03_13/M2020-03-13-10-50-38/img/image_91.png -6.216238 -27.019375 3.406599 [506.988434, 342.162659]
/mnt/gpid07/users/morros/VFOA/TRAYECTORIAS2020_03_13/M2020-03-13-10-50-38/img/image_92.png 8.602093 -11.544790 -0.898951 [504.019379, 333.955048]
/mnt/gpid07/users/morros/VFOA/TRAYECTORIAS2020_03_13/M2020-03-13-10-50-38/img/image_93.png 14.131571 -2.260702 -1.957234 [489.10434, 326.002594]
/mnt/gpid07/users/morros/VFOA/TRAYECTORIAS2020_03_13/M2020-03-13-10-50-38/img/image_94.png 18.257942 -1.038530 -0.774829 [469.977936, 314.810242]
/mnt/gpid07/users/morros/VFOA/TRAYECTORIAS2020_03_13/M2020-03-13-10-50-38/img/image_95.png 20.704659 -1.451097 -0.336053 [449.15564, 318.503113]
/mnt/gpid07/users/morros/VFOA/TRAYECTORIAS2020_03_13/M2020-03-13-10-50-38/img/image_96.png 24.824278 -1.625699 0.240771 [438.698486, 320.684631]
/mnt/gpid07/users/morros/VFOA/TRAYECTORIAS2020_03_13/M2020-03-13-10-50-38/img/image_97.png 28.068118 -2.621828 0.734745 [435.1315, 319.619843]
/mnt/gpid07/users/morros/VFOA/TRAYECTORIAS2020_03_13/M2020-03-13-10-50-38/img/image_98.png 31.778520 -3.423492 1.477194 [437.116089, 316.769073]
/mnt/gpid07/users/morros/VFOA/TRAYECTORIAS2020_03_13/M2020-03-13-10-50-38/img/image_99.png 31.650525 -8.833863 1.547655 [446.057831, 305.77771]
/mnt/gpid07/users/morros/VFOA/TRAYECTORIAS2020_03_13/M2020-03-13-10-50-38/img/image_100.png 35.112431 -24.893749 2.725214 [458.360382, 290.629395]
/mnt/gpid07/users/morros/VFOA/TRAYECTORIAS2020_03_13/M2020-03-13-10-50-38/img/image_101.png 53.027137 -65.389212 -9.296769 [473.10022, 273.591858]
/mnt/gpid07/users/morros/VFOA/TRAYECTORIAS2020_03_13/M2020-03-13-10-50-38/img/image_102.png -174.466787 -84.051899 -143.655238 [482.128265, 262.064575]
/mnt/gpid07/users/morros/VFOA/TRAYECTORIAS2020_03_13/M2020-03-13-10-50-38/img/image_103.png -144.098284 -78.807827 -176.513255 [492.199341, 258.767639]
/mnt/gpid07/users/morros/VFOA/TRAYECTORIAS2020_03_13/M2020-03-13-10-50-38/img/image_104.png -155.267470 -76.681710 -167.429148 [495.851746, 264.832672]
/mnt/gpid07/users/morros/VFOA/TRAYECTORIAS2020_03_13/M2020-03-13-10-50-38/img/image_105.png -155.980168 -76.270469 -165.984077 [501.940033, 270.985565]
/mnt/gpid07/users/morros/VFOA/TRAYECTORIAS2020_03_13/M2020-03-13-10-50-38/img/image_106.png -152.330823 -80.675154 -167.476460 [506.375183, 277.03241]
/mnt/gpid07/users/morros/VFOA/TRAYECTORIAS2020_03_13/M2020-03-13-10-50-38/img/image_107.png 137.054229 -85.566068 -97.623805 [506.802167, 277.636034]
/mnt/gpid07/users/morros/VFOA/TRAYECTORIAS2020_03_13/M2020-03-13-10-50-38/img/image_108.png 18.988881 -45.703170 26.945015 [506.804783, 277.641964]
