/mnt/gpid07/users/morros/VFOA/TRAYECTORIAS2020_03_13/M2020-03-13-15-03-13/img/image_25.png -125.363527 -18.016076 0.780383 [574.463623, 280.290863]
/mnt/gpid07/users/morros/VFOA/TRAYECTORIAS2020_03_13/M2020-03-13-15-03-13/img/image_26.png -124.745195 -19.486513 1.091446 [525.83783, 269.050354]
/mnt/gpid07/users/morros/VFOA/TRAYECTORIAS2020_03_13/M2020-03-13-15-03-13/img/image_27.png -124.418244 -22.709672 2.290997 [478.199799, 265.102509]
/mnt/gpid07/users/morros/VFOA/TRAYECTORIAS2020_03_13/M2020-03-13-15-03-13/img/image_28.png -124.417641 -30.211511 2.736625 [436.4646, 272.654907]
/mnt/gpid07/users/morros/VFOA/TRAYECTORIAS2020_03_13/M2020-03-13-15-03-13/img/image_29.png -121.633904 -37.811335 0.687219 [392.199463, 288.939514]
/mnt/gpid07/users/morros/VFOA/TRAYECTORIAS2020_03_13/M2020-03-13-15-03-13/img/image_30.png -119.837175 -44.988410 -1.033773 [348.629333, 315.168152]
/mnt/gpid07/users/morros/VFOA/TRAYECTORIAS2020_03_13/M2020-03-13-15-03-13/img/image_31.png -119.376153 -51.838058 -2.473730 [307.355591, 338.533264]
/mnt/gpid07/users/morros/VFOA/TRAYECTORIAS2020_03_13/M2020-03-13-15-03-13/img/image_32.png -117.759812 -54.422401 -3.504990 [303.25118, 340.84114]
/mnt/gpid07/users/morros/VFOA/TRAYECTORIAS2020_03_13/M2020-03-13-15-03-13/img/image_33.png -117.049960 -55.097721 -3.681281 [246.221176, 357.80127]
/mnt/gpid07/users/morros/VFOA/TRAYECTORIAS2020_03_13/M2020-03-13-15-03-13/img/image_34.png -118.478999 -52.443437 -2.528416 [228.311829, 362.239471]
/mnt/gpid07/users/morros/VFOA/TRAYECTORIAS2020_03_13/M2020-03-13-15-03-13/img/image_36.png -120.799861 -28.211283 -0.091037 [203.351044, 370.066742]
/mnt/gpid07/users/morros/VFOA/TRAYECTORIAS2020_03_13/M2020-03-13-15-03-13/img/image_37.png -119.940927 -14.894734 0.110972 [197.915619, 373.868622]
/mnt/gpid07/users/morros/VFOA/TRAYECTORIAS2020_03_13/M2020-03-13-15-03-13/img/image_38.png -120.782926 -6.978385 -0.648596 [203.092163, 372.389038]
/mnt/gpid07/users/morros/VFOA/TRAYECTORIAS2020_03_13/M2020-03-13-15-03-13/img/image_39.png -120.685113 -4.290095 -1.697304 [206.569916, 369.782776]
/mnt/gpid07/users/morros/VFOA/TRAYECTORIAS2020_03_13/M2020-03-13-15-03-13/img/image_40.png -113.938866 -3.295919 -1.928590 [227.655991, 364.694183]
/mnt/gpid07/users/morros/VFOA/TRAYECTORIAS2020_03_13/M2020-03-13-15-03-13/img/image_41.png -100.711277 -2.879937 -2.107480 [246.626587, 352.302917]
/mnt/gpid07/users/morros/VFOA/TRAYECTORIAS2020_03_13/M2020-03-13-15-03-13/img/image_42.png -85.174193 -2.410803 -2.087558 [254.844864, 340.984802]
/mnt/gpid07/users/morros/VFOA/TRAYECTORIAS2020_03_13/M2020-03-13-15-03-13/img/image_43.png -75.024503 -2.191293 -2.369350 [252.998505, 333.901733]
/mnt/gpid07/users/morros/VFOA/TRAYECTORIAS2020_03_13/M2020-03-13-15-03-13/img/image_44.png -68.387731 -1.789958 -3.099759 [253.180267, 327.539917]
/mnt/gpid07/users/morros/VFOA/TRAYECTORIAS2020_03_13/M2020-03-13-15-03-13/img/image_45.png -59.539213 -1.016579 -3.532483 [255.203369, 319.124512]
/mnt/gpid07/users/morros/VFOA/TRAYECTORIAS2020_03_13/M2020-03-13-15-03-13/img/image_46.png -53.087437 -1.160080 -3.844064 [255.424093, 318.262435]
/mnt/gpid07/users/morros/VFOA/TRAYECTORIAS2020_03_13/M2020-03-13-15-03-13/img/image_47.png -49.128912 -1.634815 -2.956058 [255.428141, 318.251761]
/mnt/gpid07/users/morros/VFOA/TRAYECTORIAS2020_03_13/M2020-03-13-15-03-13/img/image_48.png -46.871108 -2.052047 -2.768196 [255.426379, 318.259208]
/mnt/gpid07/users/morros/VFOA/TRAYECTORIAS2020_03_13/M2020-03-13-15-03-13/img/image_49.png -44.566792 -2.307184 -2.673717 [285.799377, 320.680145]
/mnt/gpid07/users/morros/VFOA/TRAYECTORIAS2020_03_13/M2020-03-13-15-03-13/img/image_50.png -34.329889 -2.609892 -2.790815 [294.876465, 324.867249]
/mnt/gpid07/users/morros/VFOA/TRAYECTORIAS2020_03_13/M2020-03-13-15-03-13/img/image_51.png -16.891693 -3.508469 -2.859254 [295.571214, 325.303621]
/mnt/gpid07/users/morros/VFOA/TRAYECTORIAS2020_03_13/M2020-03-13-15-03-13/img/image_52.png -6.334238 -2.548962 -3.034644 [299.805084, 329.721863]
/mnt/gpid07/users/morros/VFOA/TRAYECTORIAS2020_03_13/M2020-03-13-15-03-13/img/image_53.png 4.672754 -1.401631 -3.870205 [301.120972, 331.117249]
/mnt/gpid07/users/morros/VFOA/TRAYECTORIAS2020_03_13/M2020-03-13-15-03-13/img/image_54.png 16.026597 -1.915744 -3.996515 [309.600433, 335.648499]
/mnt/gpid07/users/morros/VFOA/TRAYECTORIAS2020_03_13/M2020-03-13-15-03-13/img/image_55.png 23.849457 -2.964885 -4.017768 [322.000366, 334.030548]
/mnt/gpid07/users/morros/VFOA/TRAYECTORIAS2020_03_13/M2020-03-13-15-03-13/img/image_56.png 27.613181 -3.839602 -4.341014 [337.000092, 327.167084]
/mnt/gpid07/users/morros/VFOA/TRAYECTORIAS2020_03_13/M2020-03-13-15-03-13/img/image_57.png 31.391220 -4.820552 -4.068891 [352.210663, 318.814209]
/mnt/gpid07/users/morros/VFOA/TRAYECTORIAS2020_03_13/M2020-03-13-15-03-13/img/image_58.png 32.125079 -5.165704 -4.147414 [363.269684, 312.826599]
/mnt/gpid07/users/morros/VFOA/TRAYECTORIAS2020_03_13/M2020-03-13-15-03-13/img/image_59.png 32.146165 -5.294090 -3.949229 [368.868927, 314.835663]
/mnt/gpid07/users/morros/VFOA/TRAYECTORIAS2020_03_13/M2020-03-13-15-03-13/img/image_60.png 29.650698 -5.657424 -4.011326 [372.822418, 319.629395]
/mnt/gpid07/users/morros/VFOA/TRAYECTORIAS2020_03_13/M2020-03-13-15-03-13/img/image_61.png 23.757482 -7.160702 -4.642662 [375.240875, 322.87384]
/mnt/gpid07/users/morros/VFOA/TRAYECTORIAS2020_03_13/M2020-03-13-15-03-13/img/image_62.png 11.293603 -8.153118 -6.544028 [377.061951, 325.913452]
/mnt/gpid07/users/morros/VFOA/TRAYECTORIAS2020_03_13/M2020-03-13-15-03-13/img/image_63.png -1.414015 -12.663654 -8.860334 [377.238084, 326.215365]
/mnt/gpid07/users/morros/VFOA/TRAYECTORIAS2020_03_13/M2020-03-13-15-03-13/img/image_64.png -10.163015 -20.089351 -9.614636 [400.95813, 334.665649]
/mnt/gpid07/users/morros/VFOA/TRAYECTORIAS2020_03_13/M2020-03-13-15-03-13/img/image_65.png -13.640274 -29.892816 -9.258684 [426.808136, 335.148712]
/mnt/gpid07/users/morros/VFOA/TRAYECTORIAS2020_03_13/M2020-03-13-15-03-13/img/image_66.png -15.178612 -40.433761 -9.992686 [459.532593, 340.290009]
/mnt/gpid07/users/morros/VFOA/TRAYECTORIAS2020_03_13/M2020-03-13-15-03-13/img/image_67.png -16.170854 -49.766919 -10.811026 [482.134186, 349.651428]
/mnt/gpid07/users/morros/VFOA/TRAYECTORIAS2020_03_13/M2020-03-13-15-03-13/img/image_68.png -13.170693 -57.161262 -13.552389 [484.293116, 350.629771]
/mnt/gpid07/users/morros/VFOA/TRAYECTORIAS2020_03_13/M2020-03-13-15-03-13/img/image_69.png -11.210923 -63.135338 -15.915330 [528.477783, 397.253204]
/mnt/gpid07/users/morros/VFOA/TRAYECTORIAS2020_03_13/M2020-03-13-15-03-13/img/image_70.png -10.000837 -64.437917 -17.334546 [533.316507, 402.371999]
/mnt/gpid07/users/morros/VFOA/TRAYECTORIAS2020_03_13/M2020-03-13-15-03-13/img/image_77.png -54.981969 -3.613812 -1.788021 [563.89563, 393.957764]
/mnt/gpid07/users/morros/VFOA/TRAYECTORIAS2020_03_13/M2020-03-13-15-03-13/img/image_78.png -56.000784 -2.111685 -1.950460 [558.241394, 373.625366]
/mnt/gpid07/users/morros/VFOA/TRAYECTORIAS2020_03_13/M2020-03-13-15-03-13/img/image_79.png -56.622272 -2.056073 -2.282818 [538.825012, 352.735077]
/mnt/gpid07/users/morros/VFOA/TRAYECTORIAS2020_03_13/M2020-03-13-15-03-13/img/image_80.png -56.701282 -2.000894 -2.118979 [527.247864, 339.625793]
/mnt/gpid07/users/morros/VFOA/TRAYECTORIAS2020_03_13/M2020-03-13-15-03-13/img/image_81.png -60.392548 -0.970163 -2.426560 [512.685852, 331.363678]
/mnt/gpid07/users/morros/VFOA/TRAYECTORIAS2020_03_13/M2020-03-13-15-03-13/img/image_82.png -67.305307 -0.783238 -2.608126 [502.686951, 330.214996]
/mnt/gpid07/users/morros/VFOA/TRAYECTORIAS2020_03_13/M2020-03-13-15-03-13/img/image_83.png -77.457016 -0.957363 -2.419253 [503.566376, 333.055634]
/mnt/gpid07/users/morros/VFOA/TRAYECTORIAS2020_03_13/M2020-03-13-15-03-13/img/image_84.png -92.475480 -0.772682 -2.626079 [490.889618, 336.392426]
/mnt/gpid07/users/morros/VFOA/TRAYECTORIAS2020_03_13/M2020-03-13-15-03-13/img/image_85.png -106.977966 -0.259066 -3.261131 [479.549194, 334.404449]
/mnt/gpid07/users/morros/VFOA/TRAYECTORIAS2020_03_13/M2020-03-13-15-03-13/img/image_86.png -118.418413 -0.536965 -3.712147 [478.428515, 334.152404]
/mnt/gpid07/users/morros/VFOA/TRAYECTORIAS2020_03_13/M2020-03-13-15-03-13/img/image_87.png -127.555132 -1.295996 -3.278333 [471.554474, 337.305634]
/mnt/gpid07/users/morros/VFOA/TRAYECTORIAS2020_03_13/M2020-03-13-15-03-13/img/image_88.png -134.947407 -1.482772 -3.368046 [479.127045, 342.033295]
/mnt/gpid07/users/morros/VFOA/TRAYECTORIAS2020_03_13/M2020-03-13-15-03-13/img/image_89.png -146.103424 -1.293489 -3.823277 [490.092987, 347.317688]
/mnt/gpid07/users/morros/VFOA/TRAYECTORIAS2020_03_13/M2020-03-13-15-03-13/img/image_90.png -157.808873 -1.750547 -4.635513 [496.644745, 349.215546]
/mnt/gpid07/users/morros/VFOA/TRAYECTORIAS2020_03_13/M2020-03-13-15-03-13/img/image_91.png -165.433446 -2.719980 -6.016499 [500.257599, 351.029877]
/mnt/gpid07/users/morros/VFOA/TRAYECTORIAS2020_03_13/M2020-03-13-15-03-13/img/image_93.png -173.362902 -6.041772 -7.742108 [493.973755, 341.030487]
/mnt/gpid07/users/morros/VFOA/TRAYECTORIAS2020_03_13/M2020-03-13-15-03-13/img/image_94.png -175.494689 -7.193492 -6.242921 [475.64386, 330.660736]
/mnt/gpid07/users/morros/VFOA/TRAYECTORIAS2020_03_13/M2020-03-13-15-03-13/img/image_95.png -177.999807 -8.250004 -4.703139 [446.965454, 318.597504]
/mnt/gpid07/users/morros/VFOA/TRAYECTORIAS2020_03_13/M2020-03-13-15-03-13/img/image_96.png 179.770986 -11.871480 -3.882536 [425.127472, 300.440521]
/mnt/gpid07/users/morros/VFOA/TRAYECTORIAS2020_03_13/M2020-03-13-15-03-13/img/image_97.png -179.561470 -17.086722 -4.348957 [402.378235, 292.729248]
/mnt/gpid07/users/morros/VFOA/TRAYECTORIAS2020_03_13/M2020-03-13-15-03-13/img/image_98.png -178.288574 -25.496528 -5.050257 [375.389008, 288.53299]
/mnt/gpid07/users/morros/VFOA/TRAYECTORIAS2020_03_13/M2020-03-13-15-03-13/img/image_99.png 178.120694 -34.794404 -6.416008 [337.402252, 285.527985]
/mnt/gpid07/users/morros/VFOA/TRAYECTORIAS2020_03_13/M2020-03-13-15-03-13/img/image_100.png 179.391484 -42.144203 -8.004373 [288.786011, 282.97702]
/mnt/gpid07/users/morros/VFOA/TRAYECTORIAS2020_03_13/M2020-03-13-15-03-13/img/image_101.png 177.627853 -47.720214 -8.126119 [235.129211, 276.956635]
/mnt/gpid07/users/morros/VFOA/TRAYECTORIAS2020_03_13/M2020-03-13-15-03-13/img/image_102.png 177.490998 -49.976405 -7.928879 [198.284485, 263.989868]
/mnt/gpid07/users/morros/VFOA/TRAYECTORIAS2020_03_13/M2020-03-13-15-03-13/img/image_103.png 177.700745 -48.955810 -7.919266 [170.374603, 242.516312]
/mnt/gpid07/users/morros/VFOA/TRAYECTORIAS2020_03_13/M2020-03-13-15-03-13/img/image_104.png 178.402472 -47.618712 -7.793334 [167.672964, 240.283888]
/mnt/gpid07/users/morros/VFOA/TRAYECTORIAS2020_03_13/M2020-03-13-15-03-13/img/image_105.png 179.153305 -46.199447 -7.667481 [167.654882, 240.253057]
/mnt/gpid07/users/morros/VFOA/TRAYECTORIAS2020_03_13/M2020-03-13-15-03-13/img/image_106.png 179.290036 -43.178602 -7.092743 [146.054382, 202.776352]
/mnt/gpid07/users/morros/VFOA/TRAYECTORIAS2020_03_13/M2020-03-13-15-03-13/img/image_107.png -179.971431 -41.118225 -7.170267 [150.525543, 201.208664]
/mnt/gpid07/users/morros/VFOA/TRAYECTORIAS2020_03_13/M2020-03-13-15-03-13/img/image_108.png -180.047045 -42.496347 -7.000467 [151.27565, 198.357315]
/mnt/gpid07/users/morros/VFOA/TRAYECTORIAS2020_03_13/M2020-03-13-15-03-13/img/image_109.png -179.556512 -44.176925 -7.240687 [157.406494, 202.495865]
/mnt/gpid07/users/morros/VFOA/TRAYECTORIAS2020_03_13/M2020-03-13-15-03-13/img/image_110.png -178.424813 -46.133614 -7.626393 [163.074539, 205.54715]
/mnt/gpid07/users/morros/VFOA/TRAYECTORIAS2020_03_13/M2020-03-13-15-03-13/img/image_111.png -178.706925 -46.818354 -7.468600 [168.109756, 205.672546]
/mnt/gpid07/users/morros/VFOA/TRAYECTORIAS2020_03_13/M2020-03-13-15-03-13/img/image_112.png -178.654778 -47.324468 -7.493409 [164.327896, 201.677063]
/mnt/gpid07/users/morros/VFOA/TRAYECTORIAS2020_03_13/M2020-03-13-15-03-13/img/image_113.png -178.862397 -47.425683 -7.490611 [167.635773, 201.808075]
/mnt/gpid07/users/morros/VFOA/TRAYECTORIAS2020_03_13/M2020-03-13-15-03-13/img/image_114.png -179.040701 -47.184131 -7.365469 [156.066833, 197.882187]
/mnt/gpid07/users/morros/VFOA/TRAYECTORIAS2020_03_13/M2020-03-13-15-03-13/img/image_115.png -178.951531 -43.618882 -6.979819 [157.661301, 197.719147]
/mnt/gpid07/users/morros/VFOA/TRAYECTORIAS2020_03_13/M2020-03-13-15-03-13/img/image_116.png -175.633072 -33.215901 -7.356489 [157.370514, 197.374268]
/mnt/gpid07/users/morros/VFOA/TRAYECTORIAS2020_03_13/M2020-03-13-15-03-13/img/image_117.png -169.400366 -21.869097 -8.043029 [157.243896, 197.33812]
/mnt/gpid07/users/morros/VFOA/TRAYECTORIAS2020_03_13/M2020-03-13-15-03-13/img/image_118.png -163.140239 -12.694834 -8.150464 [161.538559, 199.779388]
/mnt/gpid07/users/morros/VFOA/TRAYECTORIAS2020_03_13/M2020-03-13-15-03-13/img/image_119.png -154.578820 -7.299769 -8.038768 [162.65567, 205.015793]
/mnt/gpid07/users/morros/VFOA/TRAYECTORIAS2020_03_13/M2020-03-13-15-03-13/img/image_120.png -145.009415 -5.579258 -6.300040 [175.486801, 214.528931]
/mnt/gpid07/users/morros/VFOA/TRAYECTORIAS2020_03_13/M2020-03-13-15-03-13/img/image_121.png -140.174809 -4.349253 -5.177883 [184.899292, 226.811829]
/mnt/gpid07/users/morros/VFOA/TRAYECTORIAS2020_03_13/M2020-03-13-15-03-13/img/image_122.png -138.865378 -3.731481 -5.073729 [198.802979, 232.981323]
/mnt/gpid07/users/morros/VFOA/TRAYECTORIAS2020_03_13/M2020-03-13-15-03-13/img/image_123.png -140.830576 -3.458602 -5.833451 [207.041748, 242.197647]
/mnt/gpid07/users/morros/VFOA/TRAYECTORIAS2020_03_13/M2020-03-13-15-03-13/img/image_124.png -142.425221 -2.642583 -6.192890 [214.508728, 261.626923]
/mnt/gpid07/users/morros/VFOA/TRAYECTORIAS2020_03_13/M2020-03-13-15-03-13/img/image_125.png -141.657419 -3.052223 -5.929270 [221.670456, 281.756805]
/mnt/gpid07/users/morros/VFOA/TRAYECTORIAS2020_03_13/M2020-03-13-15-03-13/img/image_126.png -137.772458 -5.060786 -4.559553 [223.88443, 295.458679]
/mnt/gpid07/users/morros/VFOA/TRAYECTORIAS2020_03_13/M2020-03-13-15-03-13/img/image_127.png -128.378109 -12.336518 -3.236778 [229.420731, 302.075439]
/mnt/gpid07/users/morros/VFOA/TRAYECTORIAS2020_03_13/M2020-03-13-15-03-13/img/image_128.png -118.699669 -24.256613 -3.463287 [231.772125, 300.927734]
/mnt/gpid07/users/morros/VFOA/TRAYECTORIAS2020_03_13/M2020-03-13-15-03-13/img/image_129.png -115.682052 -33.376257 -3.961109 [231.498276, 300.348236]
/mnt/gpid07/users/morros/VFOA/TRAYECTORIAS2020_03_13/M2020-03-13-15-03-13/img/image_130.png -110.891952 -42.890397 -4.919188 [219.433258, 302.107971]
/mnt/gpid07/users/morros/VFOA/TRAYECTORIAS2020_03_13/M2020-03-13-15-03-13/img/image_131.png -108.334145 -50.630341 -5.130751 [205.713272, 308.020569]
/mnt/gpid07/users/morros/VFOA/TRAYECTORIAS2020_03_13/M2020-03-13-15-03-13/img/image_132.png -106.820836 -55.516389 -5.714393 [204.324724, 308.653357]
/mnt/gpid07/users/morros/VFOA/TRAYECTORIAS2020_03_13/M2020-03-13-15-03-13/img/image_133.png -105.980930 -58.480099 -6.407772 [180.581161, 328.322693]
/mnt/gpid07/users/morros/VFOA/TRAYECTORIAS2020_03_13/M2020-03-13-15-03-13/img/image_134.png -106.890622 -60.000672 -6.437578 [180.2005, 331.889099]
/mnt/gpid07/users/morros/VFOA/TRAYECTORIAS2020_03_13/M2020-03-13-15-03-13/img/image_136.png -107.727836 -60.757632 -6.731008 [180.421382, 332.070564]
/mnt/gpid07/users/morros/VFOA/TRAYECTORIAS2020_03_13/M2020-03-13-15-03-13/img/image_138.png -108.161431 -59.974307 -6.473054 [157.749451, 355.182709]
/mnt/gpid07/users/morros/VFOA/TRAYECTORIAS2020_03_13/M2020-03-13-15-03-13/img/image_139.png -109.917099 -58.289730 -5.404986 [157.639694, 354.507904]
/mnt/gpid07/users/morros/VFOA/TRAYECTORIAS2020_03_13/M2020-03-13-15-03-13/img/image_141.png -126.581392 -35.696162 0.956607 [159.229691, 356.121185]
/mnt/gpid07/users/morros/VFOA/TRAYECTORIAS2020_03_13/M2020-03-13-15-03-13/img/image_143.png -147.948641 -12.774349 1.441671 [163.115692, 349.900665]
/mnt/gpid07/users/morros/VFOA/TRAYECTORIAS2020_03_13/M2020-03-13-15-03-13/img/image_144.png -159.857465 -7.503333 1.017407 [163.525255, 349.190715]
/mnt/gpid07/users/morros/VFOA/TRAYECTORIAS2020_03_13/M2020-03-13-15-03-13/img/image_145.png -175.283047 -3.783956 0.593875 [170.464951, 329.897888]
/mnt/gpid07/users/morros/VFOA/TRAYECTORIAS2020_03_13/M2020-03-13-15-03-13/img/image_146.png 166.944723 -1.202431 0.138492 [174.94278, 313.511047]
/mnt/gpid07/users/morros/VFOA/TRAYECTORIAS2020_03_13/M2020-03-13-15-03-13/img/image_147.png 149.152168 -0.326206 -0.246532 [188.083176, 301.929657]
/mnt/gpid07/users/morros/VFOA/TRAYECTORIAS2020_03_13/M2020-03-13-15-03-13/img/image_148.png 128.851524 0.378133 -0.713554 [198.280838, 284.579376]
/mnt/gpid07/users/morros/VFOA/TRAYECTORIAS2020_03_13/M2020-03-13-15-03-13/img/image_149.png 105.775104 -0.408366 -2.025525 [210.318497, 271.634888]
/mnt/gpid07/users/morros/VFOA/TRAYECTORIAS2020_03_13/M2020-03-13-15-03-13/img/image_150.png 85.063001 -2.864204 -3.082840 [216.500595, 261.79718]
/mnt/gpid07/users/morros/VFOA/TRAYECTORIAS2020_03_13/M2020-03-13-15-03-13/img/image_151.png 66.932730 -4.958033 -3.219729 [218.265121, 252.530365]
/mnt/gpid07/users/morros/VFOA/TRAYECTORIAS2020_03_13/M2020-03-13-15-03-13/img/image_152.png 55.071049 -5.557640 -3.036014 [214.954453, 252.57312]
/mnt/gpid07/users/morros/VFOA/TRAYECTORIAS2020_03_13/M2020-03-13-15-03-13/img/image_153.png 47.657555 -4.682309 -3.603844 [214.572634, 252.670491]
/mnt/gpid07/users/morros/VFOA/TRAYECTORIAS2020_03_13/M2020-03-13-15-03-13/img/image_154.png 42.778547 -2.815432 -3.682834 [224.465866, 250.308395]
/mnt/gpid07/users/morros/VFOA/TRAYECTORIAS2020_03_13/M2020-03-13-15-03-13/img/image_155.png 38.658683 -3.475248 -3.279617 [225.55794, 250.047591]
/mnt/gpid07/users/morros/VFOA/TRAYECTORIAS2020_03_13/M2020-03-13-15-03-13/img/image_156.png 32.928720 -8.569087 -1.092619 [275.261536, 263.891907]
/mnt/gpid07/users/morros/VFOA/TRAYECTORIAS2020_03_13/M2020-03-13-15-03-13/img/image_157.png 29.284853 -15.843158 3.105647 [303.830811, 272.745117]
/mnt/gpid07/users/morros/VFOA/TRAYECTORIAS2020_03_13/M2020-03-13-15-03-13/img/image_158.png 23.160941 -16.527686 5.592893 [334.78244, 281.260712]
/mnt/gpid07/users/morros/VFOA/TRAYECTORIAS2020_03_13/M2020-03-13-15-03-13/img/image_159.png 18.851025 -15.675320 5.741566 [368.239441, 284.339691]
/mnt/gpid07/users/morros/VFOA/TRAYECTORIAS2020_03_13/M2020-03-13-15-03-13/img/image_160.png 16.096883 -14.596881 5.158966 [371.610195, 284.593223]
/mnt/gpid07/users/morros/VFOA/TRAYECTORIAS2020_03_13/M2020-03-13-15-03-13/img/image_161.png 20.450105 -14.488128 2.292474 [461.526123, 263.82251]
/mnt/gpid07/users/morros/VFOA/TRAYECTORIAS2020_03_13/M2020-03-13-15-03-13/img/image_162.png 27.194172 -18.437432 0.566453 [510.099976, 252.197174]
/mnt/gpid07/users/morros/VFOA/TRAYECTORIAS2020_03_13/M2020-03-13-15-03-13/img/image_163.png 33.636873 -36.002398 -1.940734 [549.662964, 248.604813]
/mnt/gpid07/users/morros/VFOA/TRAYECTORIAS2020_03_13/M2020-03-13-15-03-13/img/image_164.png 38.062632 -60.547455 -9.907016 [587.833618, 253.97464]
