/mnt/gpid07/users/morros/VFOA/TRAYECTORIAS2020_03_13/M2020-03-13-14-59-14/img/image_6.png -170.440944 6.901357 -2.047006 [572.698914, 235.294388]
/mnt/gpid07/users/morros/VFOA/TRAYECTORIAS2020_03_13/M2020-03-13-14-59-14/img/image_7.png -171.775502 7.033732 -2.499116 [540.856262, 224.326431]
/mnt/gpid07/users/morros/VFOA/TRAYECTORIAS2020_03_13/M2020-03-13-14-59-14/img/image_8.png -172.549782 7.293968 -2.539083 [511.874847, 223.085724]
/mnt/gpid07/users/morros/VFOA/TRAYECTORIAS2020_03_13/M2020-03-13-14-59-14/img/image_9.png -173.405030 5.860684 -2.644388 [485.868713, 227.521957]
/mnt/gpid07/users/morros/VFOA/TRAYECTORIAS2020_03_13/M2020-03-13-14-59-14/img/image_10.png -173.860499 1.483906 -1.535310 [455.483765, 238.488235]
/mnt/gpid07/users/morros/VFOA/TRAYECTORIAS2020_03_13/M2020-03-13-14-59-14/img/image_11.png -175.341428 -2.825265 -0.579716 [422.273712, 249.249512]
/mnt/gpid07/users/morros/VFOA/TRAYECTORIAS2020_03_13/M2020-03-13-14-59-14/img/image_12.png -174.772811 -7.520895 -0.598427 [387.067657, 251.375519]
/mnt/gpid07/users/morros/VFOA/TRAYECTORIAS2020_03_13/M2020-03-13-14-59-14/img/image_13.png -175.156520 -11.708217 0.111948 [354.441101, 240.57576]
/mnt/gpid07/users/morros/VFOA/TRAYECTORIAS2020_03_13/M2020-03-13-14-59-14/img/image_14.png -173.016786 -16.207831 -0.294314 [323.057159, 221.02655]
/mnt/gpid07/users/morros/VFOA/TRAYECTORIAS2020_03_13/M2020-03-13-14-59-14/img/image_15.png -170.493458 -20.707566 -0.901859 [288.19574, 197.419128]
/mnt/gpid07/users/morros/VFOA/TRAYECTORIAS2020_03_13/M2020-03-13-14-59-14/img/image_16.png -170.762222 -24.903457 -0.074650 [262.745636, 171.961502]
/mnt/gpid07/users/morros/VFOA/TRAYECTORIAS2020_03_13/M2020-03-13-14-59-14/img/image_17.png -173.091831 -28.109112 0.846958 [233.503937, 151.880127]
/mnt/gpid07/users/morros/VFOA/TRAYECTORIAS2020_03_13/M2020-03-13-14-59-14/img/image_18.png -177.075907 -31.394837 1.114313 [217.389481, 154.597885]
/mnt/gpid07/users/morros/VFOA/TRAYECTORIAS2020_03_13/M2020-03-13-14-59-14/img/image_19.png -178.494947 -34.755846 1.310721 [198.841766, 158.575241]
/mnt/gpid07/users/morros/VFOA/TRAYECTORIAS2020_03_13/M2020-03-13-14-59-14/img/image_20.png 177.661321 -37.862333 3.327821 [172.71315, 167.750748]
/mnt/gpid07/users/morros/VFOA/TRAYECTORIAS2020_03_13/M2020-03-13-14-59-14/img/image_21.png 178.587483 -41.748018 2.935267 [153.593018, 170.797256]
/mnt/gpid07/users/morros/VFOA/TRAYECTORIAS2020_03_13/M2020-03-13-14-59-14/img/image_22.png -176.322988 -44.046099 2.694700 [151.751089, 171.040617]
/mnt/gpid07/users/morros/VFOA/TRAYECTORIAS2020_03_13/M2020-03-13-14-59-14/img/image_24.png -171.202503 -36.354628 3.155989 [151.756842, 171.034082]
/mnt/gpid07/users/morros/VFOA/TRAYECTORIAS2020_03_13/M2020-03-13-14-59-14/img/image_26.png -169.200338 -17.156298 2.316320 [136.540848, 138.602859]
/mnt/gpid07/users/morros/VFOA/TRAYECTORIAS2020_03_13/M2020-03-13-14-59-14/img/image_27.png -167.996188 -8.762022 1.151642 [154.294846, 135.238571]
/mnt/gpid07/users/morros/VFOA/TRAYECTORIAS2020_03_13/M2020-03-13-14-59-14/img/image_28.png -165.154168 -2.648937 0.836079 [167.76059, 128.213257]
/mnt/gpid07/users/morros/VFOA/TRAYECTORIAS2020_03_13/M2020-03-13-14-59-14/img/image_29.png -159.947939 4.029403 -1.179663 [188.206284, 133.37294]
/mnt/gpid07/users/morros/VFOA/TRAYECTORIAS2020_03_13/M2020-03-13-14-59-14/img/image_30.png -154.654591 10.655489 -3.349138 [202.831238, 132.890167]
/mnt/gpid07/users/morros/VFOA/TRAYECTORIAS2020_03_13/M2020-03-13-14-59-14/img/image_31.png -146.780721 13.759072 -2.509831 [215.629654, 130.18306]
/mnt/gpid07/users/morros/VFOA/TRAYECTORIAS2020_03_13/M2020-03-13-14-59-14/img/image_32.png -139.408942 16.315697 -3.914023 [225.893326, 132.894318]
/mnt/gpid07/users/morros/VFOA/TRAYECTORIAS2020_03_13/M2020-03-13-14-59-14/img/image_33.png -133.376158 18.603094 -4.428979 [238.14325, 144.478256]
/mnt/gpid07/users/morros/VFOA/TRAYECTORIAS2020_03_13/M2020-03-13-14-59-14/img/image_34.png -136.457591 19.514123 -5.036549 [247.919388, 163.589066]
/mnt/gpid07/users/morros/VFOA/TRAYECTORIAS2020_03_13/M2020-03-13-14-59-14/img/image_35.png -133.193514 19.917173 -3.477924 [260.989197, 176.594315]
/mnt/gpid07/users/morros/VFOA/TRAYECTORIAS2020_03_13/M2020-03-13-14-59-14/img/image_36.png -130.061114 25.010818 -4.675101 [274.856262, 191.219864]
/mnt/gpid07/users/morros/VFOA/TRAYECTORIAS2020_03_13/M2020-03-13-14-59-14/img/image_37.png -122.847461 26.157430 -4.724940 [290.832642, 204.252838]
/mnt/gpid07/users/morros/VFOA/TRAYECTORIAS2020_03_13/M2020-03-13-14-59-14/img/image_38.png -114.176582 28.199145 -2.799226 [308.799255, 213.035065]
/mnt/gpid07/users/morros/VFOA/TRAYECTORIAS2020_03_13/M2020-03-13-14-59-14/img/image_39.png -104.588662 23.089362 -1.725224 [313.020325, 214.150513]
/mnt/gpid07/users/morros/VFOA/TRAYECTORIAS2020_03_13/M2020-03-13-14-59-14/img/image_40.png -100.543127 13.204977 -1.008993 [313.116486, 216.859146]
/mnt/gpid07/users/morros/VFOA/TRAYECTORIAS2020_03_13/M2020-03-13-14-59-14/img/image_41.png -104.359570 5.346700 -2.755130 [300.864899, 223.911255]
/mnt/gpid07/users/morros/VFOA/TRAYECTORIAS2020_03_13/M2020-03-13-14-59-14/img/image_42.png -104.134491 -3.807761 -2.688556 [274.828369, 240.625717]
/mnt/gpid07/users/morros/VFOA/TRAYECTORIAS2020_03_13/M2020-03-13-14-59-14/img/image_43.png -105.073581 -10.821744 -2.453926 [247.03862, 253.87471]
/mnt/gpid07/users/morros/VFOA/TRAYECTORIAS2020_03_13/M2020-03-13-14-59-14/img/image_44.png -104.906558 -20.064393 -0.679377 [222.18985, 258.465179]
/mnt/gpid07/users/morros/VFOA/TRAYECTORIAS2020_03_13/M2020-03-13-14-59-14/img/image_45.png -103.493774 -28.420608 -1.204676 [202.797699, 274.156677]
/mnt/gpid07/users/morros/VFOA/TRAYECTORIAS2020_03_13/M2020-03-13-14-59-14/img/image_46.png -104.455183 -36.461730 -1.560971 [180.848541, 288.025818]
/mnt/gpid07/users/morros/VFOA/TRAYECTORIAS2020_03_13/M2020-03-13-14-59-14/img/image_47.png -108.947006 -39.043683 0.656752 [164.633163, 297.441803]
/mnt/gpid07/users/morros/VFOA/TRAYECTORIAS2020_03_13/M2020-03-13-14-59-14/img/image_48.png -108.264267 -44.687096 0.610440 [152.148773, 309.293915]
/mnt/gpid07/users/morros/VFOA/TRAYECTORIAS2020_03_13/M2020-03-13-14-59-14/img/image_53.png -78.783583 -6.167945 -0.208025 [166.337021, 306.675507]
/mnt/gpid07/users/morros/VFOA/TRAYECTORIAS2020_03_13/M2020-03-13-14-59-14/img/image_54.png -75.934350 1.888472 0.366480 [178.345306, 307.660889]
/mnt/gpid07/users/morros/VFOA/TRAYECTORIAS2020_03_13/M2020-03-13-14-59-14/img/image_55.png -70.927137 4.109199 1.175477 [191.309967, 288.783569]
/mnt/gpid07/users/morros/VFOA/TRAYECTORIAS2020_03_13/M2020-03-13-14-59-14/img/image_56.png -68.352886 7.184253 -0.101427 [192.615997, 286.69721]
/mnt/gpid07/users/morros/VFOA/TRAYECTORIAS2020_03_13/M2020-03-13-14-59-14/img/image_57.png -62.659992 6.687371 -0.483630 [192.630014, 286.656484]
/mnt/gpid07/users/morros/VFOA/TRAYECTORIAS2020_03_13/M2020-03-13-14-59-14/img/image_58.png -49.108154 0.614767 0.373934 [269.117554, 262.948822]
/mnt/gpid07/users/morros/VFOA/TRAYECTORIAS2020_03_13/M2020-03-13-14-59-14/img/image_59.png -42.355534 -0.408591 1.683515 [296.647247, 257.478638]
/mnt/gpid07/users/morros/VFOA/TRAYECTORIAS2020_03_13/M2020-03-13-14-59-14/img/image_60.png -34.544773 -1.309468 3.094389 [322.989349, 262.621399]
/mnt/gpid07/users/morros/VFOA/TRAYECTORIAS2020_03_13/M2020-03-13-14-59-14/img/image_61.png -22.058807 -6.570092 4.674361 [345.887207, 261.092834]
/mnt/gpid07/users/morros/VFOA/TRAYECTORIAS2020_03_13/M2020-03-13-14-59-14/img/image_62.png -14.751657 -9.974748 4.424827 [366.310455, 267.477264]
/mnt/gpid07/users/morros/VFOA/TRAYECTORIAS2020_03_13/M2020-03-13-14-59-14/img/image_63.png -10.533973 -14.903275 4.026500 [381.364929, 283.626678]
/mnt/gpid07/users/morros/VFOA/TRAYECTORIAS2020_03_13/M2020-03-13-14-59-14/img/image_64.png -7.085555 -22.632697 4.242761 [392.603363, 307.758728]
/mnt/gpid07/users/morros/VFOA/TRAYECTORIAS2020_03_13/M2020-03-13-14-59-14/img/image_65.png -6.277015 -27.801349 4.740054 [408.175842, 334.805786]
/mnt/gpid07/users/morros/VFOA/TRAYECTORIAS2020_03_13/M2020-03-13-14-59-14/img/image_68.png -5.734563 -32.470915 3.343466 [446.58374, 401.576202]
/mnt/gpid07/users/morros/VFOA/TRAYECTORIAS2020_03_13/M2020-03-13-14-59-14/img/image_69.png -9.218840 -36.962928 4.352572 [450.630103, 408.616594]
/mnt/gpid07/users/morros/VFOA/TRAYECTORIAS2020_03_13/M2020-03-13-14-59-14/img/image_70.png -12.695627 -41.997187 6.668946 [450.707334, 408.750974]
/mnt/gpid07/users/morros/VFOA/TRAYECTORIAS2020_03_13/M2020-03-13-14-59-14/img/image_74.png 15.826257 -26.958930 1.741900 [461.769623, 369.640564]
/mnt/gpid07/users/morros/VFOA/TRAYECTORIAS2020_03_13/M2020-03-13-14-59-14/img/image_75.png 25.122217 -25.192721 3.257402 [451.933777, 353.565674]
/mnt/gpid07/users/morros/VFOA/TRAYECTORIAS2020_03_13/M2020-03-13-14-59-14/img/image_76.png 34.027149 -22.013119 3.226309 [466.127655, 342.830322]
/mnt/gpid07/users/morros/VFOA/TRAYECTORIAS2020_03_13/M2020-03-13-14-59-14/img/image_77.png 36.905015 -17.756664 3.918656 [467.78734, 341.810182]
/mnt/gpid07/users/morros/VFOA/TRAYECTORIAS2020_03_13/M2020-03-13-14-59-14/img/image_78.png 30.225998 -9.157461 3.513571 [451.753784, 311.958618]
/mnt/gpid07/users/morros/VFOA/TRAYECTORIAS2020_03_13/M2020-03-13-14-59-14/img/image_79.png 22.874691 1.098379 1.491784 [449.650482, 303.124023]
/mnt/gpid07/users/morros/VFOA/TRAYECTORIAS2020_03_13/M2020-03-13-14-59-14/img/image_80.png 16.757172 9.721431 -0.663260 [449.579455, 302.450734]
/mnt/gpid07/users/morros/VFOA/TRAYECTORIAS2020_03_13/M2020-03-13-14-59-14/img/image_81.png 12.612465 15.897739 -2.091335 [427.729401, 296.96936]
/mnt/gpid07/users/morros/VFOA/TRAYECTORIAS2020_03_13/M2020-03-13-14-59-14/img/image_82.png 10.786425 16.797106 -1.317943 [415.205627, 289.1604]
/mnt/gpid07/users/morros/VFOA/TRAYECTORIAS2020_03_13/M2020-03-13-14-59-14/img/image_83.png 11.849266 14.744096 1.083509 [415.203094, 276.128571]
/mnt/gpid07/users/morros/VFOA/TRAYECTORIAS2020_03_13/M2020-03-13-14-59-14/img/image_84.png 15.539141 11.542332 1.721162 [428.626587, 263.593384]
/mnt/gpid07/users/morros/VFOA/TRAYECTORIAS2020_03_13/M2020-03-13-14-59-14/img/image_85.png 16.929526 10.738032 0.510343 [454.350647, 254.924713]
/mnt/gpid07/users/morros/VFOA/TRAYECTORIAS2020_03_13/M2020-03-13-14-59-14/img/image_86.png 19.184734 9.356849 -0.847510 [488.912231, 254.02832]
/mnt/gpid07/users/morros/VFOA/TRAYECTORIAS2020_03_13/M2020-03-13-14-59-14/img/image_87.png 18.893027 8.176569 -1.741228 [530.190002, 257.437134]
/mnt/gpid07/users/morros/VFOA/TRAYECTORIAS2020_03_13/M2020-03-13-14-59-14/img/image_88.png 21.101995 2.470350 -2.134696 [579.929077, 267.516296]
