/mnt/gpid07/users/morros/VFOA/TRAYECTORIAS2020_03_13/M2020-03-13-10-31-45/img/image_73.png -166.380473 -0.946664 -6.561074 [581.406921, 259.305847]
/mnt/gpid07/users/morros/VFOA/TRAYECTORIAS2020_03_13/M2020-03-13-10-31-45/img/image_74.png -167.863587 -2.218598 -6.903700 [554.865479, 241.320175]
/mnt/gpid07/users/morros/VFOA/TRAYECTORIAS2020_03_13/M2020-03-13-10-31-45/img/image_75.png -166.112483 -2.117661 -4.074791 [550.0, 300.0]
/mnt/gpid07/users/morros/VFOA/TRAYECTORIAS2020_03_13/M2020-03-13-10-31-45/img/image_76.png -158.175593 -1.736264 -1.126809 [514.892273, 230.245239]
/mnt/gpid07/users/morros/VFOA/TRAYECTORIAS2020_03_13/M2020-03-13-10-31-45/img/image_77.png -152.354614 -1.019362 2.518952 [492.102661, 235.549301]
/mnt/gpid07/users/morros/VFOA/TRAYECTORIAS2020_03_13/M2020-03-13-10-31-45/img/image_78.png -149.462058 -1.358619 4.408256 [463.914581, 245.574081]
/mnt/gpid07/users/morros/VFOA/TRAYECTORIAS2020_03_13/M2020-03-13-10-31-45/img/image_79.png -147.095120 -1.744070 2.295893 [432.462494, 256.582855]
/mnt/gpid07/users/morros/VFOA/TRAYECTORIAS2020_03_13/M2020-03-13-10-31-45/img/image_80.png -145.892876 -2.798584 0.620212 [400.916748, 264.32135]
/mnt/gpid07/users/morros/VFOA/TRAYECTORIAS2020_03_13/M2020-03-13-10-31-45/img/image_81.png -144.472716 -3.196604 -0.975740 [375.908081, 270.251343]
/mnt/gpid07/users/morros/VFOA/TRAYECTORIAS2020_03_13/M2020-03-13-10-31-45/img/image_82.png -139.333013 -3.009950 -2.110003 [358.485016, 269.75351]
/mnt/gpid07/users/morros/VFOA/TRAYECTORIAS2020_03_13/M2020-03-13-10-31-45/img/image_83.png -133.724956 -1.752523 -3.287067 [343.802734, 263.910461]
/mnt/gpid07/users/morros/VFOA/TRAYECTORIAS2020_03_13/M2020-03-13-10-31-45/img/image_84.png -123.330283 0.583990 -2.269309 [331.982117, 255.177551]
/mnt/gpid07/users/morros/VFOA/TRAYECTORIAS2020_03_13/M2020-03-13-10-31-45/img/image_85.png -113.679099 0.699110 -1.484084 [330.828672, 254.275362]
/mnt/gpid07/users/morros/VFOA/TRAYECTORIAS2020_03_13/M2020-03-13-10-31-45/img/image_86.png -104.766740 0.312146 -2.344704 [330.819999, 254.26345]
/mnt/gpid07/users/morros/VFOA/TRAYECTORIAS2020_03_13/M2020-03-13-10-31-45/img/image_87.png -99.722793 -1.300360 -4.187999 [290.918427, 222.188766]
/mnt/gpid07/users/morros/VFOA/TRAYECTORIAS2020_03_13/M2020-03-13-10-31-45/img/image_88.png -90.740817 -1.060100 -3.527846 [286.52934, 218.66067]
/mnt/gpid07/users/morros/VFOA/TRAYECTORIAS2020_03_13/M2020-03-13-10-31-45/img/image_89.png -84.485010 1.210681 -2.161277 [286.445557, 218.593327]
/mnt/gpid07/users/morros/VFOA/TRAYECTORIAS2020_03_13/M2020-03-13-10-31-45/img/image_90.png -78.737647 1.462771 -1.241773 [286.480231, 218.6212]
/mnt/gpid07/users/morros/VFOA/TRAYECTORIAS2020_03_13/M2020-03-13-10-31-45/img/image_91.png -68.788087 1.470373 0.371744 [286.484883, 218.624939]
/mnt/gpid07/users/morros/VFOA/TRAYECTORIAS2020_03_13/M2020-03-13-10-31-45/img/image_92.png -61.802622 2.125109 0.363940 [322.677643, 242.579483]
/mnt/gpid07/users/morros/VFOA/TRAYECTORIAS2020_03_13/M2020-03-13-10-31-45/img/image_93.png -54.291852 2.870925 0.971261 [333.735901, 248.729248]
/mnt/gpid07/users/morros/VFOA/TRAYECTORIAS2020_03_13/M2020-03-13-10-31-45/img/image_94.png -48.359650 2.109285 1.520831 [343.252411, 248.533203]
/mnt/gpid07/users/morros/VFOA/TRAYECTORIAS2020_03_13/M2020-03-13-10-31-45/img/image_95.png -46.440250 1.498178 0.933770 [349.468658, 247.744385]
/mnt/gpid07/users/morros/VFOA/TRAYECTORIAS2020_03_13/M2020-03-13-10-31-45/img/image_96.png -47.233389 1.096456 0.750208 [354.080536, 255.687439]
/mnt/gpid07/users/morros/VFOA/TRAYECTORIAS2020_03_13/M2020-03-13-10-31-45/img/image_97.png -48.968888 1.933344 0.939733 [352.822083, 254.224579]
/mnt/gpid07/users/morros/VFOA/TRAYECTORIAS2020_03_13/M2020-03-13-10-31-45/img/image_98.png -56.838169 1.994685 1.636358 [345.588898, 252.746536]
/mnt/gpid07/users/morros/VFOA/TRAYECTORIAS2020_03_13/M2020-03-13-10-31-45/img/image_99.png -65.028335 2.694669 2.169415 [338.099304, 243.33255]
/mnt/gpid07/users/morros/VFOA/TRAYECTORIAS2020_03_13/M2020-03-13-10-31-45/img/image_100.png -75.525968 3.115355 3.211661 [337.347781, 242.311792]
/mnt/gpid07/users/morros/VFOA/TRAYECTORIAS2020_03_13/M2020-03-13-10-31-45/img/image_101.png -85.243580 3.898289 2.251129 [337.340009, 242.293648]
/mnt/gpid07/users/morros/VFOA/TRAYECTORIAS2020_03_13/M2020-03-13-10-31-45/img/image_102.png -95.758868 2.250019 -0.070095 [337.346669, 242.30186]
/mnt/gpid07/users/morros/VFOA/TRAYECTORIAS2020_03_13/M2020-03-13-10-31-45/img/image_103.png -101.009330 1.741329 -1.785933 [337.34748, 242.302945]
/mnt/gpid07/users/morros/VFOA/TRAYECTORIAS2020_03_13/M2020-03-13-10-31-45/img/image_104.png -106.552043 0.353046 -2.782816 [337.347502, 242.302982]
/mnt/gpid07/users/morros/VFOA/TRAYECTORIAS2020_03_13/M2020-03-13-10-31-45/img/image_105.png -113.785244 -1.010567 -2.768782 [337.347497, 242.302975]
/mnt/gpid07/users/morros/VFOA/TRAYECTORIAS2020_03_13/M2020-03-13-10-31-45/img/image_106.png -121.839106 -0.721238 -2.048208 [337.347496, 242.302974]
/mnt/gpid07/users/morros/VFOA/TRAYECTORIAS2020_03_13/M2020-03-13-10-31-45/img/image_107.png -128.019697 -0.852115 -1.123882 [337.347496, 242.302974]
/mnt/gpid07/users/morros/VFOA/TRAYECTORIAS2020_03_13/M2020-03-13-10-31-45/img/image_108.png -134.513116 -2.883082 -0.706830 [337.347496, 242.302974]
/mnt/gpid07/users/morros/VFOA/TRAYECTORIAS2020_03_13/M2020-03-13-10-31-45/img/image_109.png -139.078850 -1.878442 0.390446 [259.405487, 304.60788]
/mnt/gpid07/users/morros/VFOA/TRAYECTORIAS2020_03_13/M2020-03-13-10-31-45/img/image_110.png -141.611937 -1.048196 0.358321 [260.184174, 313.309998]
/mnt/gpid07/users/morros/VFOA/TRAYECTORIAS2020_03_13/M2020-03-13-10-31-45/img/image_111.png -143.095265 0.130869 -1.368988 [257.708588, 313.869263]
/mnt/gpid07/users/morros/VFOA/TRAYECTORIAS2020_03_13/M2020-03-13-10-31-45/img/image_112.png -143.895123 1.058086 -2.068074 [258.893677, 305.803619]
/mnt/gpid07/users/morros/VFOA/TRAYECTORIAS2020_03_13/M2020-03-13-10-31-45/img/image_113.png -145.796922 1.409165 -1.985714 [260.623169, 296.390564]
/mnt/gpid07/users/morros/VFOA/TRAYECTORIAS2020_03_13/M2020-03-13-10-31-45/img/image_114.png -148.401981 1.590434 -2.144987 [260.209229, 284.772797]
/mnt/gpid07/users/morros/VFOA/TRAYECTORIAS2020_03_13/M2020-03-13-10-31-45/img/image_115.png -153.298093 1.511031 -2.353626 [260.854675, 272.229767]
/mnt/gpid07/users/morros/VFOA/TRAYECTORIAS2020_03_13/M2020-03-13-10-31-45/img/image_116.png -161.755316 -0.079045 -2.959686 [258.414307, 258.079865]
/mnt/gpid07/users/morros/VFOA/TRAYECTORIAS2020_03_13/M2020-03-13-10-31-45/img/image_117.png -168.542382 -1.399753 -2.878175 [259.229736, 252.464554]
/mnt/gpid07/users/morros/VFOA/TRAYECTORIAS2020_03_13/M2020-03-13-10-31-45/img/image_118.png -175.494780 -2.120533 -2.337525 [250.855118, 252.600891]
/mnt/gpid07/users/morros/VFOA/TRAYECTORIAS2020_03_13/M2020-03-13-10-31-45/img/image_119.png 179.772213 -1.085323 -0.904371 [247.269989, 265.124237]
/mnt/gpid07/users/morros/VFOA/TRAYECTORIAS2020_03_13/M2020-03-13-10-31-45/img/image_120.png 172.073374 -2.001851 -1.647964 [232.505554, 274.717133]
/mnt/gpid07/users/morros/VFOA/TRAYECTORIAS2020_03_13/M2020-03-13-10-31-45/img/image_121.png 162.386820 -2.220150 -1.225638 [228.735352, 286.106323]
/mnt/gpid07/users/morros/VFOA/TRAYECTORIAS2020_03_13/M2020-03-13-10-31-45/img/image_122.png 152.031681 -2.140899 -1.631816 [225.990692, 295.714447]
/mnt/gpid07/users/morros/VFOA/TRAYECTORIAS2020_03_13/M2020-03-13-10-31-45/img/image_123.png 145.615994 -1.962666 -1.322797 [222.023636, 296.905975]
/mnt/gpid07/users/morros/VFOA/TRAYECTORIAS2020_03_13/M2020-03-13-10-31-45/img/image_124.png 139.592840 -1.869325 -1.564513 [219.746155, 292.323669]
/mnt/gpid07/users/morros/VFOA/TRAYECTORIAS2020_03_13/M2020-03-13-10-31-45/img/image_125.png 138.789877 -1.474007 -1.705063 [220.09082, 289.075928]
/mnt/gpid07/users/morros/VFOA/TRAYECTORIAS2020_03_13/M2020-03-13-10-31-45/img/image_126.png 144.168013 -0.648122 -1.836527 [223.042038, 285.978302]
/mnt/gpid07/users/morros/VFOA/TRAYECTORIAS2020_03_13/M2020-03-13-10-31-45/img/image_127.png 158.345235 -0.798577 -1.122630 [227.32843, 283.977478]
/mnt/gpid07/users/morros/VFOA/TRAYECTORIAS2020_03_13/M2020-03-13-10-31-45/img/image_128.png 173.072326 -0.193617 -1.494400 [232.449722, 274.680084]
/mnt/gpid07/users/morros/VFOA/TRAYECTORIAS2020_03_13/M2020-03-13-10-31-45/img/image_129.png -174.399238 -0.754038 -2.191352 [243.973831, 265.572662]
/mnt/gpid07/users/morros/VFOA/TRAYECTORIAS2020_03_13/M2020-03-13-10-31-45/img/image_130.png -162.593655 -0.692387 -3.191546 [250.126465, 253.141815]
/mnt/gpid07/users/morros/VFOA/TRAYECTORIAS2020_03_13/M2020-03-13-10-31-45/img/image_131.png -153.482947 -0.605796 -3.745450 [258.532288, 243.536133]
/mnt/gpid07/users/morros/VFOA/TRAYECTORIAS2020_03_13/M2020-03-13-10-31-45/img/image_132.png -148.958457 0.380987 -2.944659 [261.530792, 241.641068]
/mnt/gpid07/users/morros/VFOA/TRAYECTORIAS2020_03_13/M2020-03-13-10-31-45/img/image_133.png -145.268495 1.268636 -1.793172 [260.912262, 249.241821]
/mnt/gpid07/users/morros/VFOA/TRAYECTORIAS2020_03_13/M2020-03-13-10-31-45/img/image_134.png -141.374197 1.518314 -0.978109 [257.094025, 263.891876]
/mnt/gpid07/users/morros/VFOA/TRAYECTORIAS2020_03_13/M2020-03-13-10-31-45/img/image_135.png -136.403640 1.506007 -0.723590 [251.617035, 278.884399]
/mnt/gpid07/users/morros/VFOA/TRAYECTORIAS2020_03_13/M2020-03-13-10-31-45/img/image_136.png -129.552876 1.746998 -0.660653 [250.58342, 290.456909]
/mnt/gpid07/users/morros/VFOA/TRAYECTORIAS2020_03_13/M2020-03-13-10-31-45/img/image_137.png -118.394132 2.328165 -0.109076 [250.287811, 294.666992]
/mnt/gpid07/users/morros/VFOA/TRAYECTORIAS2020_03_13/M2020-03-13-10-31-45/img/image_138.png -107.375413 2.569293 -0.105306 [250.732742, 291.283539]
/mnt/gpid07/users/morros/VFOA/TRAYECTORIAS2020_03_13/M2020-03-13-10-31-45/img/image_139.png -94.786420 2.277303 0.845633 [250.784641, 290.869258]
/mnt/gpid07/users/morros/VFOA/TRAYECTORIAS2020_03_13/M2020-03-13-10-31-45/img/image_140.png -82.997257 0.658253 0.536883 [250.7859, 290.857522]
/mnt/gpid07/users/morros/VFOA/TRAYECTORIAS2020_03_13/M2020-03-13-10-31-45/img/image_141.png -78.368351 -0.018664 -2.186430 [250.78552, 290.860374]
/mnt/gpid07/users/morros/VFOA/TRAYECTORIAS2020_03_13/M2020-03-13-10-31-45/img/image_142.png -71.326147 0.949474 -1.696152 [250.785465, 290.860805]
/mnt/gpid07/users/morros/VFOA/TRAYECTORIAS2020_03_13/M2020-03-13-10-31-45/img/image_143.png -63.312208 3.002515 -0.281743 [250.785463, 290.860824]
/mnt/gpid07/users/morros/VFOA/TRAYECTORIAS2020_03_13/M2020-03-13-10-31-45/img/image_144.png -55.930545 3.767649 0.064754 [251.810944, 227.772217]
/mnt/gpid07/users/morros/VFOA/TRAYECTORIAS2020_03_13/M2020-03-13-10-31-45/img/image_145.png -46.543008 3.945689 -0.038690 [251.923746, 220.83247]
/mnt/gpid07/users/morros/VFOA/TRAYECTORIAS2020_03_13/M2020-03-13-10-31-45/img/image_146.png -33.445416 4.930323 -0.192412 [300.951843, 243.108429]
/mnt/gpid07/users/morros/VFOA/TRAYECTORIAS2020_03_13/M2020-03-13-10-31-45/img/image_147.png -17.978775 5.285088 0.174103 [326.226746, 249.15094]
/mnt/gpid07/users/morros/VFOA/TRAYECTORIAS2020_03_13/M2020-03-13-10-31-45/img/image_148.png -4.455921 5.102039 1.139048 [341.473297, 251.880539]
/mnt/gpid07/users/morros/VFOA/TRAYECTORIAS2020_03_13/M2020-03-13-10-31-45/img/image_149.png 6.259289 4.322507 -0.073099 [349.059143, 254.836899]
/mnt/gpid07/users/morros/VFOA/TRAYECTORIAS2020_03_13/M2020-03-13-10-31-45/img/image_150.png 12.919697 3.991041 -2.264159 [353.008698, 263.501923]
/mnt/gpid07/users/morros/VFOA/TRAYECTORIAS2020_03_13/M2020-03-13-10-31-45/img/image_151.png 13.974494 1.832653 -3.911929 [351.018555, 276.5]
/mnt/gpid07/users/morros/VFOA/TRAYECTORIAS2020_03_13/M2020-03-13-10-31-45/img/image_152.png 15.433146 1.703177 -2.603320 [352.31842, 284.724182]
/mnt/gpid07/users/morros/VFOA/TRAYECTORIAS2020_03_13/M2020-03-13-10-31-45/img/image_153.png 19.459732 2.322107 -1.292760 [355.885498, 284.525574]
/mnt/gpid07/users/morros/VFOA/TRAYECTORIAS2020_03_13/M2020-03-13-10-31-45/img/image_154.png 17.843400 1.954062 -0.275112 [364.217529, 282.444366]
/mnt/gpid07/users/morros/VFOA/TRAYECTORIAS2020_03_13/M2020-03-13-10-31-45/img/image_155.png 18.601021 2.881713 1.551395 [382.718964, 276.584076]
/mnt/gpid07/users/morros/VFOA/TRAYECTORIAS2020_03_13/M2020-03-13-10-31-45/img/image_156.png 18.569925 3.010268 1.337192 [406.471527, 267.401947]
/mnt/gpid07/users/morros/VFOA/TRAYECTORIAS2020_03_13/M2020-03-13-10-31-45/img/image_157.png 19.370410 2.567015 -0.782882 [438.120667, 263.718536]
/mnt/gpid07/users/morros/VFOA/TRAYECTORIAS2020_03_13/M2020-03-13-10-31-45/img/image_158.png 20.842610 0.558564 -2.567528 [466.761017, 259.459015]
/mnt/gpid07/users/morros/VFOA/TRAYECTORIAS2020_03_13/M2020-03-13-10-31-45/img/image_159.png 20.857599 -1.728808 -3.059956 [486.632202, 254.32991]
/mnt/gpid07/users/morros/VFOA/TRAYECTORIAS2020_03_13/M2020-03-13-10-31-45/img/image_160.png 26.050665 -2.148417 -3.175635 [510.251282, 253.270981]
/mnt/gpid07/users/morros/VFOA/TRAYECTORIAS2020_03_13/M2020-03-13-10-31-45/img/image_161.png 31.939050 -1.140815 -3.735397 [520.24469, 253.442764]
/mnt/gpid07/users/morros/VFOA/TRAYECTORIAS2020_03_13/M2020-03-13-10-31-45/img/image_162.png 36.927873 1.282304 -4.825179 [525.085388, 259.24472]
/mnt/gpid07/users/morros/VFOA/TRAYECTORIAS2020_03_13/M2020-03-13-10-31-45/img/image_163.png 41.526450 2.625132 -5.779343 [526.962463, 268.598724]
/mnt/gpid07/users/morros/VFOA/TRAYECTORIAS2020_03_13/M2020-03-13-10-31-45/img/image_164.png 48.359877 4.091412 -6.334076 [533.20343, 280.687408]
/mnt/gpid07/users/morros/VFOA/TRAYECTORIAS2020_03_13/M2020-03-13-10-31-45/img/image_165.png 53.031541 4.899441 -7.694059 [535.392029, 293.643585]
/mnt/gpid07/users/morros/VFOA/TRAYECTORIAS2020_03_13/M2020-03-13-10-31-45/img/image_166.png 54.844476 4.282736 -9.443368 [538.025696, 304.598267]
/mnt/gpid07/users/morros/VFOA/TRAYECTORIAS2020_03_13/M2020-03-13-10-31-45/img/image_167.png 56.998311 3.798443 -8.511770 [538.293513, 305.67372]
/mnt/gpid07/users/morros/VFOA/TRAYECTORIAS2020_03_13/M2020-03-13-10-31-45/img/image_168.png 52.476124 0.894058 -8.007532 [538.296636, 305.682473]
/mnt/gpid07/users/morros/VFOA/TRAYECTORIAS2020_03_13/M2020-03-13-10-31-45/img/image_169.png 45.536847 -0.507150 -5.611983 [538.294302, 305.672681]
/mnt/gpid07/users/morros/VFOA/TRAYECTORIAS2020_03_13/M2020-03-13-10-31-45/img/image_170.png 36.722195 -2.302265 -3.148615 [538.294014, 305.671517]
/mnt/gpid07/users/morros/VFOA/TRAYECTORIAS2020_03_13/M2020-03-13-10-31-45/img/image_171.png 27.078335 -4.313211 -1.888403 [544.816528, 267.813599]
/mnt/gpid07/users/morros/VFOA/TRAYECTORIAS2020_03_13/M2020-03-13-10-31-45/img/image_172.png 19.772577 -6.175107 -0.996247 [540.266785, 257.059601]
/mnt/gpid07/users/morros/VFOA/TRAYECTORIAS2020_03_13/M2020-03-13-10-31-45/img/image_173.png 13.047270 -5.491051 -2.098309 [539.701088, 256.25524]
/mnt/gpid07/users/morros/VFOA/TRAYECTORIAS2020_03_13/M2020-03-13-10-31-45/img/image_174.png 10.360409 -3.876051 -3.331976 [539.684358, 256.274301]
/mnt/gpid07/users/morros/VFOA/TRAYECTORIAS2020_03_13/M2020-03-13-10-31-45/img/image_175.png 7.795231 -4.661378 -3.574769 [539.688175, 256.284441]
/mnt/gpid07/users/morros/VFOA/TRAYECTORIAS2020_03_13/M2020-03-13-10-31-45/img/image_176.png 3.933982 -4.845316 -3.274280 [539.688762, 256.285366]
/mnt/gpid07/users/morros/VFOA/TRAYECTORIAS2020_03_13/M2020-03-13-10-31-45/img/image_177.png -1.992451 -3.117475 -2.197006 [445.694794, 280.651428]
/mnt/gpid07/users/morros/VFOA/TRAYECTORIAS2020_03_13/M2020-03-13-10-31-45/img/image_178.png -6.670122 -1.905473 -1.714207 [423.058624, 280.718903]
/mnt/gpid07/users/morros/VFOA/TRAYECTORIAS2020_03_13/M2020-03-13-10-31-45/img/image_179.png -14.501249 -1.460846 -1.046355 [407.467712, 278.901276]
/mnt/gpid07/users/morros/VFOA/TRAYECTORIAS2020_03_13/M2020-03-13-10-31-45/img/image_180.png -24.424225 -0.924116 -0.681064 [412.18161, 281.242981]
/mnt/gpid07/users/morros/VFOA/TRAYECTORIAS2020_03_13/M2020-03-13-10-31-45/img/image_181.png -33.369329 -0.425720 -0.757902 [417.774384, 278.253479]
/mnt/gpid07/users/morros/VFOA/TRAYECTORIAS2020_03_13/M2020-03-13-10-31-45/img/image_182.png -43.256696 -1.627934 -0.869188 [434.45166, 282.558319]
/mnt/gpid07/users/morros/VFOA/TRAYECTORIAS2020_03_13/M2020-03-13-10-31-45/img/image_183.png -50.941313 -2.989597 -1.092428 [446.784973, 283.906708]
/mnt/gpid07/users/morros/VFOA/TRAYECTORIAS2020_03_13/M2020-03-13-10-31-45/img/image_184.png -56.560645 -3.612531 -1.160752 [447.974865, 284.011982]
/mnt/gpid07/users/morros/VFOA/TRAYECTORIAS2020_03_13/M2020-03-13-10-31-45/img/image_185.png -60.732391 -2.249655 -0.980182 [447.98242, 284.010078]
/mnt/gpid07/users/morros/VFOA/TRAYECTORIAS2020_03_13/M2020-03-13-10-31-45/img/image_186.png -63.919711 -0.670312 -0.964544 [447.971352, 284.008816]
/mnt/gpid07/users/morros/VFOA/TRAYECTORIAS2020_03_13/M2020-03-13-10-31-45/img/image_187.png -67.252261 0.445594 -0.739705 [447.970059, 284.008696]
/mnt/gpid07/users/morros/VFOA/TRAYECTORIAS2020_03_13/M2020-03-13-10-31-45/img/image_188.png -72.669609 1.701591 -0.760669 [447.970027, 284.008696]
/mnt/gpid07/users/morros/VFOA/TRAYECTORIAS2020_03_13/M2020-03-13-10-31-45/img/image_189.png -78.594310 1.619301 -0.712774 [447.970037, 284.008697]
/mnt/gpid07/users/morros/VFOA/TRAYECTORIAS2020_03_13/M2020-03-13-10-31-45/img/image_190.png -85.349965 1.058813 -1.343506 [447.970038, 284.008697]
/mnt/gpid07/users/morros/VFOA/TRAYECTORIAS2020_03_13/M2020-03-13-10-31-45/img/image_191.png -93.732573 0.644556 -2.054501 [447.970038, 284.008697]
/mnt/gpid07/users/morros/VFOA/TRAYECTORIAS2020_03_13/M2020-03-13-10-31-45/img/image_192.png -102.811089 -0.687270 -2.269534 [447.970038, 284.008697]
/mnt/gpid07/users/morros/VFOA/TRAYECTORIAS2020_03_13/M2020-03-13-10-31-45/img/image_193.png -111.228003 0.114378 -1.691683 [447.970038, 284.008697]
/mnt/gpid07/users/morros/VFOA/TRAYECTORIAS2020_03_13/M2020-03-13-10-31-45/img/image_194.png -118.024833 -0.290799 -1.631475 [357.116516, 264.775787]
/mnt/gpid07/users/morros/VFOA/TRAYECTORIAS2020_03_13/M2020-03-13-10-31-45/img/image_195.png -123.450753 -0.832522 -1.200816 [354.823212, 278.390533]
/mnt/gpid07/users/morros/VFOA/TRAYECTORIAS2020_03_13/M2020-03-13-10-31-45/img/image_196.png -128.923240 -1.203468 -0.471903 [353.316895, 291.610321]
/mnt/gpid07/users/morros/VFOA/TRAYECTORIAS2020_03_13/M2020-03-13-10-31-45/img/image_197.png -135.116777 -0.663743 0.198993 [353.751709, 302.008057]
/mnt/gpid07/users/morros/VFOA/TRAYECTORIAS2020_03_13/M2020-03-13-10-31-45/img/image_198.png -139.824195 -0.140579 0.343008 [353.225311, 309.395325]
/mnt/gpid07/users/morros/VFOA/TRAYECTORIAS2020_03_13/M2020-03-13-10-31-45/img/image_199.png -144.419071 0.464519 -0.076429 [353.252991, 310.451202]
/mnt/gpid07/users/morros/VFOA/TRAYECTORIAS2020_03_13/M2020-03-13-10-31-45/img/image_200.png -149.051949 0.438684 -0.959353 [350.193024, 306.459076]
/mnt/gpid07/users/morros/VFOA/TRAYECTORIAS2020_03_13/M2020-03-13-10-31-45/img/image_201.png -150.814190 1.105677 -0.924066 [345.780182, 298.937469]
/mnt/gpid07/users/morros/VFOA/TRAYECTORIAS2020_03_13/M2020-03-13-10-31-45/img/image_202.png -150.793309 1.436753 -0.708617 [341.933075, 292.64209]
/mnt/gpid07/users/morros/VFOA/TRAYECTORIAS2020_03_13/M2020-03-13-10-31-45/img/image_203.png -149.124791 1.455629 -0.684744 [337.930115, 288.762024]
/mnt/gpid07/users/morros/VFOA/TRAYECTORIAS2020_03_13/M2020-03-13-10-31-45/img/image_204.png -146.808084 1.206900 -0.863964 [334.996002, 288.61908]
/mnt/gpid07/users/morros/VFOA/TRAYECTORIAS2020_03_13/M2020-03-13-10-31-45/img/image_205.png -142.653648 1.436151 -1.051528 [333.826111, 290.4646]
/mnt/gpid07/users/morros/VFOA/TRAYECTORIAS2020_03_13/M2020-03-13-10-31-45/img/image_206.png -137.163232 0.943728 -1.480117 [329.679626, 295.275452]
/mnt/gpid07/users/morros/VFOA/TRAYECTORIAS2020_03_13/M2020-03-13-10-31-45/img/image_207.png -136.265150 0.165824 -1.638517 [326.958679, 300.971771]
/mnt/gpid07/users/morros/VFOA/TRAYECTORIAS2020_03_13/M2020-03-13-10-31-45/img/image_208.png -135.449753 0.085795 -2.412767 [326.700623, 306.903595]
/mnt/gpid07/users/morros/VFOA/TRAYECTORIAS2020_03_13/M2020-03-13-10-31-45/img/image_209.png -130.764704 2.149502 -2.781145 [327.713226, 308.298218]
/mnt/gpid07/users/morros/VFOA/TRAYECTORIAS2020_03_13/M2020-03-13-10-31-45/img/image_210.png -129.818147 1.870335 -4.281631 [325.842712, 304.328796]
/mnt/gpid07/users/morros/VFOA/TRAYECTORIAS2020_03_13/M2020-03-13-10-31-45/img/image_211.png -129.050412 1.997692 -5.551593 [314.116089, 293.816223]
/mnt/gpid07/users/morros/VFOA/TRAYECTORIAS2020_03_13/M2020-03-13-10-31-45/img/image_212.png -129.031177 1.120920 -4.311919 [301.453766, 276.533844]
/mnt/gpid07/users/morros/VFOA/TRAYECTORIAS2020_03_13/M2020-03-13-10-31-45/img/image_213.png -129.979501 0.270870 -2.901298 [290.579956, 260.493286]
/mnt/gpid07/users/morros/VFOA/TRAYECTORIAS2020_03_13/M2020-03-13-10-31-45/img/image_214.png -132.344208 -0.784677 -2.654386 [284.818726, 247.600662]
/mnt/gpid07/users/morros/VFOA/TRAYECTORIAS2020_03_13/M2020-03-13-10-31-45/img/image_215.png -134.435741 -1.565811 -2.320195 [274.148193, 239.996323]
/mnt/gpid07/users/morros/VFOA/TRAYECTORIAS2020_03_13/M2020-03-13-10-31-45/img/image_216.png -136.199913 -1.368833 -1.174340 [265.221466, 243.183746]
/mnt/gpid07/users/morros/VFOA/TRAYECTORIAS2020_03_13/M2020-03-13-10-31-45/img/image_217.png -137.251046 0.506775 1.289070 [252.944931, 255.017059]
/mnt/gpid07/users/morros/VFOA/TRAYECTORIAS2020_03_13/M2020-03-13-10-31-45/img/image_218.png -139.681547 0.166519 0.629660 [236.643784, 272.295227]
/mnt/gpid07/users/morros/VFOA/TRAYECTORIAS2020_03_13/M2020-03-13-10-31-45/img/image_219.png -141.361293 0.621781 0.233244 [222.567627, 287.055634]
/mnt/gpid07/users/morros/VFOA/TRAYECTORIAS2020_03_13/M2020-03-13-10-31-45/img/image_220.png -140.567389 0.974154 0.334940 [209.877716, 295.810913]
/mnt/gpid07/users/morros/VFOA/TRAYECTORIAS2020_03_13/M2020-03-13-10-31-45/img/image_221.png -138.086872 0.070617 -0.009621 [199.694199, 295.723358]
/mnt/gpid07/users/morros/VFOA/TRAYECTORIAS2020_03_13/M2020-03-13-10-31-45/img/image_222.png -130.041294 0.499750 0.157513 [190.391617, 291.611145]
/mnt/gpid07/users/morros/VFOA/TRAYECTORIAS2020_03_13/M2020-03-13-10-31-45/img/image_223.png -118.336544 1.379758 -0.064890 [181.579071, 282.973969]
/mnt/gpid07/users/morros/VFOA/TRAYECTORIAS2020_03_13/M2020-03-13-10-31-45/img/image_224.png -107.310925 1.734621 -1.114552 [180.702717, 282.065001]
/mnt/gpid07/users/morros/VFOA/TRAYECTORIAS2020_03_13/M2020-03-13-10-31-45/img/image_225.png -98.658760 1.075316 -2.929581 [170.150513, 250.031845]
/mnt/gpid07/users/morros/VFOA/TRAYECTORIAS2020_03_13/M2020-03-13-10-31-45/img/image_226.png -90.889132 2.125944 -2.662840 [168.998534, 246.517288]
/mnt/gpid07/users/morros/VFOA/TRAYECTORIAS2020_03_13/M2020-03-13-10-31-45/img/image_227.png -84.041513 4.399667 -1.160546 [168.977338, 246.451018]
/mnt/gpid07/users/morros/VFOA/TRAYECTORIAS2020_03_13/M2020-03-13-10-31-45/img/image_228.png -78.510148 5.746385 0.016057 [168.986526, 246.478874]
/mnt/gpid07/users/morros/VFOA/TRAYECTORIAS2020_03_13/M2020-03-13-10-31-45/img/image_229.png -69.652461 5.524064 0.825687 [168.987749, 246.482601]
/mnt/gpid07/users/morros/VFOA/TRAYECTORIAS2020_03_13/M2020-03-13-10-31-45/img/image_230.png -61.819458 5.220378 1.042268 [168.987792, 246.482732]
/mnt/gpid07/users/morros/VFOA/TRAYECTORIAS2020_03_13/M2020-03-13-10-31-45/img/image_231.png -52.842827 4.695564 1.289853 [168.987784, 246.482709]
/mnt/gpid07/users/morros/VFOA/TRAYECTORIAS2020_03_13/M2020-03-13-10-31-45/img/image_232.png -41.739155 3.598366 1.342697 [168.987783, 246.482705]
/mnt/gpid07/users/morros/VFOA/TRAYECTORIAS2020_03_13/M2020-03-13-10-31-45/img/image_233.png -30.810805 3.377127 0.687795 [168.987783, 246.482705]
/mnt/gpid07/users/morros/VFOA/TRAYECTORIAS2020_03_13/M2020-03-13-10-31-45/img/image_234.png -20.256045 4.989579 -1.403822 [168.987783, 246.482705]
/mnt/gpid07/users/morros/VFOA/TRAYECTORIAS2020_03_13/M2020-03-13-10-31-45/img/image_235.png -12.601165 5.052126 -3.025608 [168.987783, 246.482705]
/mnt/gpid07/users/morros/VFOA/TRAYECTORIAS2020_03_13/M2020-03-13-10-31-45/img/image_236.png -7.071158 6.129695 -1.939466 [168.987783, 246.482705]
/mnt/gpid07/users/morros/VFOA/TRAYECTORIAS2020_03_13/M2020-03-13-10-31-45/img/image_237.png -0.339248 7.927242 0.682263 [168.987783, 246.482705]
/mnt/gpid07/users/morros/VFOA/TRAYECTORIAS2020_03_13/M2020-03-13-10-31-45/img/image_238.png 5.727548 7.903947 1.988255 [168.987783, 246.482705]
/mnt/gpid07/users/morros/VFOA/TRAYECTORIAS2020_03_13/M2020-03-13-10-31-45/img/image_239.png 12.601143 7.134955 2.738201 [168.987783, 246.482705]
/mnt/gpid07/users/morros/VFOA/TRAYECTORIAS2020_03_13/M2020-03-13-10-31-45/img/image_240.png 18.766128 6.054335 2.773431 [168.987783, 246.482705]
/mnt/gpid07/users/morros/VFOA/TRAYECTORIAS2020_03_13/M2020-03-13-10-31-45/img/image_241.png 27.343801 3.694432 2.807889 [168.987783, 246.482705]
/mnt/gpid07/users/morros/VFOA/TRAYECTORIAS2020_03_13/M2020-03-13-10-31-45/img/image_242.png 36.766182 2.809154 2.116996 [168.987783, 246.482705]
/mnt/gpid07/users/morros/VFOA/TRAYECTORIAS2020_03_13/M2020-03-13-10-31-45/img/image_243.png 45.354314 3.747948 -1.144247 [168.987783, 246.482705]
/mnt/gpid07/users/morros/VFOA/TRAYECTORIAS2020_03_13/M2020-03-13-10-31-45/img/image_244.png 51.567484 3.483557 -6.668708 [168.987783, 246.482705]
/mnt/gpid07/users/morros/VFOA/TRAYECTORIAS2020_03_13/M2020-03-13-10-31-45/img/image_245.png 52.159942 3.190695 -11.099942 [168.987783, 246.482705]
/mnt/gpid07/users/morros/VFOA/TRAYECTORIAS2020_03_13/M2020-03-13-10-31-45/img/image_246.png 59.897064 5.567808 -9.766270 [168.987783, 246.482705]
/mnt/gpid07/users/morros/VFOA/TRAYECTORIAS2020_03_13/M2020-03-13-10-31-45/img/image_247.png 59.776095 3.579022 -9.067773 [168.987783, 246.482705]
/mnt/gpid07/users/morros/VFOA/TRAYECTORIAS2020_03_13/M2020-03-13-10-31-45/img/image_248.png 56.850760 1.818987 -6.944578 [168.987783, 246.482705]
/mnt/gpid07/users/morros/VFOA/TRAYECTORIAS2020_03_13/M2020-03-13-10-31-45/img/image_249.png 54.181755 0.922298 -2.539900 [168.987783, 246.482705]
/mnt/gpid07/users/morros/VFOA/TRAYECTORIAS2020_03_13/M2020-03-13-10-31-45/img/image_250.png 46.096886 -1.316936 -1.062752 [168.987783, 246.482705]
/mnt/gpid07/users/morros/VFOA/TRAYECTORIAS2020_03_13/M2020-03-13-10-31-45/img/image_251.png 41.838389 -2.693216 0.631328 [168.987783, 246.482705]
/mnt/gpid07/users/morros/VFOA/TRAYECTORIAS2020_03_13/M2020-03-13-10-31-45/img/image_254.png 39.737758 4.840417 1.885563 [168.987783, 246.482705]
/mnt/gpid07/users/morros/VFOA/TRAYECTORIAS2020_03_13/M2020-03-13-10-31-45/img/image_258.png 26.189690 -19.519070 -62.343700 [168.987783, 246.482705]
/mnt/gpid07/users/morros/VFOA/TRAYECTORIAS2020_03_13/M2020-03-13-10-31-45/img/image_259.png 18.815169 -27.441049 -73.643967 [168.987783, 246.482705]
/mnt/gpid07/users/morros/VFOA/TRAYECTORIAS2020_03_13/M2020-03-13-10-31-45/img/image_260.png 14.137761 -30.978641 -59.745171 [168.987783, 246.482705]
/mnt/gpid07/users/morros/VFOA/TRAYECTORIAS2020_03_13/M2020-03-13-10-31-45/img/image_261.png 9.899122 -22.574314 -34.108737 [168.987783, 246.482705]
/mnt/gpid07/users/morros/VFOA/TRAYECTORIAS2020_03_13/M2020-03-13-10-31-45/img/image_262.png 20.770222 -2.641683 -13.428358 [168.987783, 246.482705]
