/mnt/gpid07/users/morros/VFOA/TRAYECTORIAS2020_03_13/M2020-03-13-13-26-10/img/image_12.png -167.934210 -22.971228 7.682834 [557.340515, 268.022278]
/mnt/gpid07/users/morros/VFOA/TRAYECTORIAS2020_03_13/M2020-03-13-13-26-10/img/image_13.png -167.949811 -22.669248 7.350715 [516.31311, 281.860046]
/mnt/gpid07/users/morros/VFOA/TRAYECTORIAS2020_03_13/M2020-03-13-13-26-10/img/image_14.png -169.006331 -23.133868 6.329193 [479.09137, 291.257111]
/mnt/gpid07/users/morros/VFOA/TRAYECTORIAS2020_03_13/M2020-03-13-13-26-10/img/image_15.png -166.664301 -23.629933 4.467238 [471.29142, 290.295393]
/mnt/gpid07/users/morros/VFOA/TRAYECTORIAS2020_03_13/M2020-03-13-13-26-10/img/image_16.png -166.163729 -21.789815 3.590727 [471.142512, 290.277033]
/mnt/gpid07/users/morros/VFOA/TRAYECTORIAS2020_03_13/M2020-03-13-13-26-10/img/image_18.png -166.940488 -26.109856 4.354861 [471.212399, 290.28565]
/mnt/gpid07/users/morros/VFOA/TRAYECTORIAS2020_03_13/M2020-03-13-13-26-10/img/image_19.png -168.250929 -30.899059 3.176080 [471.212692, 290.285686]
/mnt/gpid07/users/morros/VFOA/TRAYECTORIAS2020_03_13/M2020-03-13-13-26-10/img/image_20.png -172.051677 -32.513923 3.098838 [382.078705, 286.329224]
/mnt/gpid07/users/morros/VFOA/TRAYECTORIAS2020_03_13/M2020-03-13-13-26-10/img/image_21.png -174.718505 -33.359972 3.709279 [372.273963, 285.894012]
/mnt/gpid07/users/morros/VFOA/TRAYECTORIAS2020_03_13/M2020-03-13-13-26-10/img/image_22.png -174.167223 -34.311260 3.372003 [359.178528, 259.499329]
/mnt/gpid07/users/morros/VFOA/TRAYECTORIAS2020_03_13/M2020-03-13-13-26-10/img/image_23.png -174.892209 -31.565340 3.798983 [357.836077, 256.600266]
/mnt/gpid07/users/morros/VFOA/TRAYECTORIAS2020_03_13/M2020-03-13-13-26-10/img/image_24.png -179.007099 -29.272024 6.200987 [357.819362, 256.545315]
/mnt/gpid07/users/morros/VFOA/TRAYECTORIAS2020_03_13/M2020-03-13-13-26-10/img/image_25.png -177.672503 -30.212172 6.930375 [357.830948, 256.568262]
/mnt/gpid07/users/morros/VFOA/TRAYECTORIAS2020_03_13/M2020-03-13-13-26-10/img/image_26.png -175.652454 -33.049948 5.724170 [357.83239, 256.571335]
/mnt/gpid07/users/morros/VFOA/TRAYECTORIAS2020_03_13/M2020-03-13-13-26-10/img/image_27.png -177.486685 -33.363323 6.519818 [357.832432, 256.571444]
/mnt/gpid07/users/morros/VFOA/TRAYECTORIAS2020_03_13/M2020-03-13-13-26-10/img/image_28.png -176.202412 -32.949835 5.659195 [287.251465, 244.408569]
/mnt/gpid07/users/morros/VFOA/TRAYECTORIAS2020_03_13/M2020-03-13-13-26-10/img/image_29.png -174.738533 -31.087817 5.361268 [285.266632, 251.032913]
/mnt/gpid07/users/morros/VFOA/TRAYECTORIAS2020_03_13/M2020-03-13-13-26-10/img/image_30.png -172.715058 -27.097160 5.682542 [285.75411, 251.88322]
/mnt/gpid07/users/morros/VFOA/TRAYECTORIAS2020_03_13/M2020-03-13-13-26-10/img/image_31.png -169.029825 -20.592145 4.383942 [270.292999, 253.334259]
/mnt/gpid07/users/morros/VFOA/TRAYECTORIAS2020_03_13/M2020-03-13-13-26-10/img/image_32.png -162.759954 -14.625725 4.914432 [265.488556, 255.908188]
/mnt/gpid07/users/morros/VFOA/TRAYECTORIAS2020_03_13/M2020-03-13-13-26-10/img/image_33.png -155.155685 -8.910330 4.718999 [267.537079, 258.493591]
/mnt/gpid07/users/morros/VFOA/TRAYECTORIAS2020_03_13/M2020-03-13-13-26-10/img/image_34.png -149.764795 -3.812286 4.929174 [267.810461, 258.752246]
/mnt/gpid07/users/morros/VFOA/TRAYECTORIAS2020_03_13/M2020-03-13-13-26-10/img/image_35.png -143.643538 -0.363074 4.854968 [267.820048, 258.754844]
/mnt/gpid07/users/morros/VFOA/TRAYECTORIAS2020_03_13/M2020-03-13-13-26-10/img/image_36.png -138.864164 1.047788 4.980354 [287.625031, 275.139893]
/mnt/gpid07/users/morros/VFOA/TRAYECTORIAS2020_03_13/M2020-03-13-13-26-10/img/image_37.png -139.542910 0.904818 3.715688 [289.803483, 276.942222]
/mnt/gpid07/users/morros/VFOA/TRAYECTORIAS2020_03_13/M2020-03-13-13-26-10/img/image_38.png -140.196708 0.839253 3.201817 [314.265198, 292.686432]
/mnt/gpid07/users/morros/VFOA/TRAYECTORIAS2020_03_13/M2020-03-13-13-26-10/img/image_39.png -141.076393 0.548819 2.604263 [326.181, 291.922455]
/mnt/gpid07/users/morros/VFOA/TRAYECTORIAS2020_03_13/M2020-03-13-13-26-10/img/image_40.png -141.470591 -0.056047 2.453714 [335.43335, 291.226074]
/mnt/gpid07/users/morros/VFOA/TRAYECTORIAS2020_03_13/M2020-03-13-13-26-10/img/image_41.png -142.062789 -0.780097 2.571314 [344.85083, 291.768158]
/mnt/gpid07/users/morros/VFOA/TRAYECTORIAS2020_03_13/M2020-03-13-13-26-10/img/image_42.png -142.188727 -1.395033 3.617918 [343.517242, 290.540741]
/mnt/gpid07/users/morros/VFOA/TRAYECTORIAS2020_03_13/M2020-03-13-13-26-10/img/image_43.png -140.936866 -2.375901 4.425385 [344.013702, 291.224915]
/mnt/gpid07/users/morros/VFOA/TRAYECTORIAS2020_03_13/M2020-03-13-13-26-10/img/image_44.png -141.167173 -2.365208 4.716275 [341.105957, 290.996155]
/mnt/gpid07/users/morros/VFOA/TRAYECTORIAS2020_03_13/M2020-03-13-13-26-10/img/image_45.png -141.544976 -2.470379 4.683878 [340.78114, 290.964149]
/mnt/gpid07/users/morros/VFOA/TRAYECTORIAS2020_03_13/M2020-03-13-13-26-10/img/image_46.png -141.140993 -3.390134 4.821503 [338.401855, 292.421356]
/mnt/gpid07/users/morros/VFOA/TRAYECTORIAS2020_03_13/M2020-03-13-13-26-10/img/image_47.png -141.983636 -4.293959 4.968946 [338.143382, 292.581969]
/mnt/gpid07/users/morros/VFOA/TRAYECTORIAS2020_03_13/M2020-03-13-13-26-10/img/image_48.png -141.492203 -5.307317 4.433476 [335.253998, 293.575806]
/mnt/gpid07/users/morros/VFOA/TRAYECTORIAS2020_03_13/M2020-03-13-13-26-10/img/image_49.png -138.922680 -5.770952 3.993849 [333.651764, 289.042664]
/mnt/gpid07/users/morros/VFOA/TRAYECTORIAS2020_03_13/M2020-03-13-13-26-10/img/image_50.png -137.472195 -7.772636 3.655517 [333.504412, 288.53408]
/mnt/gpid07/users/morros/VFOA/TRAYECTORIAS2020_03_13/M2020-03-13-13-26-10/img/image_51.png -127.728159 -12.294185 4.613741 [341.087494, 275.905243]
/mnt/gpid07/users/morros/VFOA/TRAYECTORIAS2020_03_13/M2020-03-13-13-26-10/img/image_52.png -121.051269 -19.251080 5.796525 [341.923106, 274.521157]
/mnt/gpid07/users/morros/VFOA/TRAYECTORIAS2020_03_13/M2020-03-13-13-26-10/img/image_53.png -122.802269 -28.518017 6.105330 [341.939193, 274.495196]
/mnt/gpid07/users/morros/VFOA/TRAYECTORIAS2020_03_13/M2020-03-13-13-26-10/img/image_54.png -121.935626 -37.395857 4.917178 [341.932606, 274.506181]
/mnt/gpid07/users/morros/VFOA/TRAYECTORIAS2020_03_13/M2020-03-13-13-26-10/img/image_55.png -122.101120 -40.469793 6.130515 [332.87619, 269.126923]
/mnt/gpid07/users/morros/VFOA/TRAYECTORIAS2020_03_13/M2020-03-13-13-26-10/img/image_56.png -122.002509 -41.693602 9.151787 [331.88005, 268.535094]
/mnt/gpid07/users/morros/VFOA/TRAYECTORIAS2020_03_13/M2020-03-13-13-26-10/img/image_65.png -105.762660 -36.337738 1.900444 [331.869995, 268.529105]
/mnt/gpid07/users/morros/VFOA/TRAYECTORIAS2020_03_13/M2020-03-13-13-26-10/img/image_74.png -54.451609 -3.942908 5.929466 [235.391876, 258.122467]
/mnt/gpid07/users/morros/VFOA/TRAYECTORIAS2020_03_13/M2020-03-13-13-26-10/img/image_75.png -54.155999 -3.911803 3.871636 [224.779283, 256.977737]
/mnt/gpid07/users/morros/VFOA/TRAYECTORIAS2020_03_13/M2020-03-13-13-26-10/img/image_76.png -59.497324 -2.451067 4.790944 [224.576679, 256.955883]
/mnt/gpid07/users/morros/VFOA/TRAYECTORIAS2020_03_13/M2020-03-13-13-26-10/img/image_77.png -57.267988 -2.289175 6.172055 [261.417694, 240.896164]
/mnt/gpid07/users/morros/VFOA/TRAYECTORIAS2020_03_13/M2020-03-13-13-26-10/img/image_78.png -56.227528 -1.736505 7.126130 [284.580841, 238.885742]
/mnt/gpid07/users/morros/VFOA/TRAYECTORIAS2020_03_13/M2020-03-13-13-26-10/img/image_79.png -54.491420 -2.047782 7.822023 [300.807648, 240.06044]
/mnt/gpid07/users/morros/VFOA/TRAYECTORIAS2020_03_13/M2020-03-13-13-26-10/img/image_80.png -55.299139 -1.715891 7.579099 [312.895721, 242.935654]
/mnt/gpid07/users/morros/VFOA/TRAYECTORIAS2020_03_13/M2020-03-13-13-26-10/img/image_81.png -55.829037 -1.440889 7.399562 [314.063141, 243.24018]
/mnt/gpid07/users/morros/VFOA/TRAYECTORIAS2020_03_13/M2020-03-13-13-26-10/img/image_82.png -53.007478 -1.398073 7.996966 [314.070677, 243.244926]
/mnt/gpid07/users/morros/VFOA/TRAYECTORIAS2020_03_13/M2020-03-13-13-26-10/img/image_83.png -46.063728 -3.575434 7.687832 [347.969696, 255.56749]
/mnt/gpid07/users/morros/VFOA/TRAYECTORIAS2020_03_13/M2020-03-13-13-26-10/img/image_84.png -40.874831 -7.605866 7.741138 [351.698513, 256.922924]
/mnt/gpid07/users/morros/VFOA/TRAYECTORIAS2020_03_13/M2020-03-13-13-26-10/img/image_85.png -26.390887 -18.711721 6.744089 [364.54129, 253.098877]
/mnt/gpid07/users/morros/VFOA/TRAYECTORIAS2020_03_13/M2020-03-13-13-26-10/img/image_86.png -16.951039 -25.387530 5.588666 [366.536865, 255.588394]
/mnt/gpid07/users/morros/VFOA/TRAYECTORIAS2020_03_13/M2020-03-13-13-26-10/img/image_87.png -11.212053 -30.184769 4.028826 [366.627951, 255.900482]
/mnt/gpid07/users/morros/VFOA/TRAYECTORIAS2020_03_13/M2020-03-13-13-26-10/img/image_88.png -6.246989 -38.994639 1.582606 [372.203613, 258.849976]
/mnt/gpid07/users/morros/VFOA/TRAYECTORIAS2020_03_13/M2020-03-13-13-26-10/img/image_89.png -4.628637 -41.473732 -0.487440 [372.816025, 259.171299]
/mnt/gpid07/users/morros/VFOA/TRAYECTORIAS2020_03_13/M2020-03-13-13-26-10/img/image_90.png -6.651869 -40.465893 0.460671 [372.827634, 259.17715]
/mnt/gpid07/users/morros/VFOA/TRAYECTORIAS2020_03_13/M2020-03-13-13-26-10/img/image_92.png -6.540001 -34.346870 2.979696 [372.822138, 259.174239]
/mnt/gpid07/users/morros/VFOA/TRAYECTORIAS2020_03_13/M2020-03-13-13-26-10/img/image_93.png -3.101902 -32.968586 1.687835 [395.851349, 302.92923]
/mnt/gpid07/users/morros/VFOA/TRAYECTORIAS2020_03_13/M2020-03-13-13-26-10/img/image_94.png -1.901939 -32.052674 0.837274 [390.228424, 315.296631]
/mnt/gpid07/users/morros/VFOA/TRAYECTORIAS2020_03_13/M2020-03-13-13-26-10/img/image_95.png -1.477623 -31.922931 0.352660 [383.139191, 317.31308]
/mnt/gpid07/users/morros/VFOA/TRAYECTORIAS2020_03_13/M2020-03-13-13-26-10/img/image_96.png 1.102364 -29.991757 0.198263 [382.415604, 317.411215]
/mnt/gpid07/users/morros/VFOA/TRAYECTORIAS2020_03_13/M2020-03-13-13-26-10/img/image_97.png 5.873010 -24.283829 0.011460 [382.406902, 317.401846]
/mnt/gpid07/users/morros/VFOA/TRAYECTORIAS2020_03_13/M2020-03-13-13-26-10/img/image_98.png 13.823552 -15.188652 1.093071 [382.413181, 317.399834]
/mnt/gpid07/users/morros/VFOA/TRAYECTORIAS2020_03_13/M2020-03-13-13-26-10/img/image_99.png 20.922592 -9.247805 1.411525 [382.413958, 317.399706]
/mnt/gpid07/users/morros/VFOA/TRAYECTORIAS2020_03_13/M2020-03-13-13-26-10/img/image_100.png 26.758576 -4.678555 2.935891 [356.553894, 321.856445]
/mnt/gpid07/users/morros/VFOA/TRAYECTORIAS2020_03_13/M2020-03-13-13-26-10/img/image_101.png 32.111468 -0.306557 5.605670 [353.709279, 322.346688]
/mnt/gpid07/users/morros/VFOA/TRAYECTORIAS2020_03_13/M2020-03-13-13-26-10/img/image_102.png 35.443455 2.040546 6.423790 [353.654972, 322.356047]
/mnt/gpid07/users/morros/VFOA/TRAYECTORIAS2020_03_13/M2020-03-13-13-26-10/img/image_103.png 34.291115 5.568918 6.031012 [353.677445, 322.352174]
/mnt/gpid07/users/morros/VFOA/TRAYECTORIAS2020_03_13/M2020-03-13-13-26-10/img/image_104.png 35.763909 7.758233 6.106006 [353.68046, 322.351655]
/mnt/gpid07/users/morros/VFOA/TRAYECTORIAS2020_03_13/M2020-03-13-13-26-10/img/image_105.png 36.353046 6.092508 4.750398 [353.680567, 322.351636]
/mnt/gpid07/users/morros/VFOA/TRAYECTORIAS2020_03_13/M2020-03-13-13-26-10/img/image_106.png 31.997471 1.898498 3.505178 [353.680548, 322.351639]
/mnt/gpid07/users/morros/VFOA/TRAYECTORIAS2020_03_13/M2020-03-13-13-26-10/img/image_107.png 30.189171 0.865820 2.665858 [349.307251, 261.38269]
/mnt/gpid07/users/morros/VFOA/TRAYECTORIAS2020_03_13/M2020-03-13-13-26-10/img/image_108.png 30.882233 -1.109951 2.535182 [348.826188, 254.676106]
/mnt/gpid07/users/morros/VFOA/TRAYECTORIAS2020_03_13/M2020-03-13-13-26-10/img/image_109.png 30.076897 -3.455899 2.441958 [355.998169, 250.01123]
/mnt/gpid07/users/morros/VFOA/TRAYECTORIAS2020_03_13/M2020-03-13-13-26-10/img/image_110.png 29.534214 -8.351147 2.061466 [357.902802, 250.892441]
/mnt/gpid07/users/morros/VFOA/TRAYECTORIAS2020_03_13/M2020-03-13-13-26-10/img/image_111.png 29.093230 -15.056612 2.302916 [359.86795, 255.530045]
/mnt/gpid07/users/morros/VFOA/TRAYECTORIAS2020_03_13/M2020-03-13-13-26-10/img/image_112.png 29.261032 -24.308237 3.326800 [362.463043, 261.381348]
/mnt/gpid07/users/morros/VFOA/TRAYECTORIAS2020_03_13/M2020-03-13-13-26-10/img/image_113.png 28.050231 -32.899540 5.381904 [364.36731, 266.701385]
/mnt/gpid07/users/morros/VFOA/TRAYECTORIAS2020_03_13/M2020-03-13-13-26-10/img/image_114.png 25.693041 -38.325376 7.275321 [364.550828, 267.228077]
/mnt/gpid07/users/morros/VFOA/TRAYECTORIAS2020_03_13/M2020-03-13-13-26-10/img/image_115.png 28.178948 -38.728641 5.888408 [387.582001, 278.314026]
