/mnt/gpid07/users/morros/VFOA/TRAYECTORIAS2020_03_13/M2020-03-13-14-59-36/img/image_4.png -171.132729 -0.854459 -3.140402 [562.204102, 267.511871]
/mnt/gpid07/users/morros/VFOA/TRAYECTORIAS2020_03_13/M2020-03-13-14-59-36/img/image_5.png -172.275519 -2.238667 -3.061467 [528.410828, 251.030167]
/mnt/gpid07/users/morros/VFOA/TRAYECTORIAS2020_03_13/M2020-03-13-14-59-36/img/image_6.png -178.582845 -4.470942 -3.276207 [496.167267, 238.127319]
/mnt/gpid07/users/morros/VFOA/TRAYECTORIAS2020_03_13/M2020-03-13-14-59-36/img/image_7.png -177.440031 -13.148916 -2.693707 [461.930206, 235.950378]
/mnt/gpid07/users/morros/VFOA/TRAYECTORIAS2020_03_13/M2020-03-13-14-59-36/img/image_8.png -176.361013 -17.109119 -3.100093 [428.382019, 245.32782]
/mnt/gpid07/users/morros/VFOA/TRAYECTORIAS2020_03_13/M2020-03-13-14-59-36/img/image_9.png -175.591779 -20.008352 -2.574675 [394.08493, 255.651169]
/mnt/gpid07/users/morros/VFOA/TRAYECTORIAS2020_03_13/M2020-03-13-14-59-36/img/image_10.png -171.997590 -24.222957 -2.857297 [363.217255, 263.231903]
/mnt/gpid07/users/morros/VFOA/TRAYECTORIAS2020_03_13/M2020-03-13-14-59-36/img/image_11.png -177.112115 -27.686273 -2.402431 [360.164781, 263.96255]
/mnt/gpid07/users/morros/VFOA/TRAYECTORIAS2020_03_13/M2020-03-13-14-59-36/img/image_12.png 174.890875 -29.421668 -2.000577 [302.722931, 245.855057]
/mnt/gpid07/users/morros/VFOA/TRAYECTORIAS2020_03_13/M2020-03-13-14-59-36/img/image_13.png 149.616669 -18.490044 -1.207724 [270.133728, 224.520874]
/mnt/gpid07/users/morros/VFOA/TRAYECTORIAS2020_03_13/M2020-03-13-14-59-36/img/image_14.png 127.208071 -9.761841 -1.682945 [267.123334, 222.355189]
/mnt/gpid07/users/morros/VFOA/TRAYECTORIAS2020_03_13/M2020-03-13-14-59-36/img/image_15.png 110.280062 -5.698263 -1.594776 [234.999405, 183.385925]
/mnt/gpid07/users/morros/VFOA/TRAYECTORIAS2020_03_13/M2020-03-13-14-59-36/img/image_16.png 102.557855 -0.138753 -0.811837 [231.495877, 179.120963]
/mnt/gpid07/users/morros/VFOA/TRAYECTORIAS2020_03_13/M2020-03-13-14-59-36/img/image_17.png 97.218797 2.760722 -4.641795 [231.431728, 179.04151]
/mnt/gpid07/users/morros/VFOA/TRAYECTORIAS2020_03_13/M2020-03-13-14-59-36/img/image_18.png 95.654554 7.870250 -5.217206 [224.665833, 162.696625]
/mnt/gpid07/users/morros/VFOA/TRAYECTORIAS2020_03_13/M2020-03-13-14-59-36/img/image_19.png 100.848669 2.133828 -3.923082 [232.306183, 170.766083]
/mnt/gpid07/users/morros/VFOA/TRAYECTORIAS2020_03_13/M2020-03-13-14-59-36/img/image_20.png 99.832311 -2.544265 -3.054573 [239.151581, 186.172134]
/mnt/gpid07/users/morros/VFOA/TRAYECTORIAS2020_03_13/M2020-03-13-14-59-36/img/image_21.png 94.776269 -6.392970 -3.816938 [243.32164, 195.893158]
/mnt/gpid07/users/morros/VFOA/TRAYECTORIAS2020_03_13/M2020-03-13-14-59-36/img/image_22.png 85.728690 -11.987072 -4.397269 [268.848145, 212.561615]
/mnt/gpid07/users/morros/VFOA/TRAYECTORIAS2020_03_13/M2020-03-13-14-59-36/img/image_23.png 79.623485 -17.326892 -4.200218 [271.614359, 214.297935]
/mnt/gpid07/users/morros/VFOA/TRAYECTORIAS2020_03_13/M2020-03-13-14-59-36/img/image_24.png 74.807812 -22.903913 -2.852231 [326.348053, 242.838837]
/mnt/gpid07/users/morros/VFOA/TRAYECTORIAS2020_03_13/M2020-03-13-14-59-36/img/image_25.png 68.522339 -24.588271 -1.386633 [349.232086, 240.244812]
/mnt/gpid07/users/morros/VFOA/TRAYECTORIAS2020_03_13/M2020-03-13-14-59-36/img/image_26.png 64.045142 -24.172193 -1.635174 [368.527954, 236.731491]
/mnt/gpid07/users/morros/VFOA/TRAYECTORIAS2020_03_13/M2020-03-13-14-59-36/img/image_27.png 69.597931 -19.402308 -2.858074 [386.722504, 236.05809]
/mnt/gpid07/users/morros/VFOA/TRAYECTORIAS2020_03_13/M2020-03-13-14-59-36/img/image_28.png 82.753121 -13.859291 -4.003938 [402.253052, 229.116455]
/mnt/gpid07/users/morros/VFOA/TRAYECTORIAS2020_03_13/M2020-03-13-14-59-36/img/image_29.png 96.928478 -8.887387 -3.817138 [409.886414, 225.721619]
/mnt/gpid07/users/morros/VFOA/TRAYECTORIAS2020_03_13/M2020-03-13-14-59-36/img/image_30.png 111.779271 -7.862178 -2.821105 [412.056, 225.733459]
/mnt/gpid07/users/morros/VFOA/TRAYECTORIAS2020_03_13/M2020-03-13-14-59-36/img/image_31.png 131.207005 -9.081048 -1.886986 [411.601013, 227.633972]
/mnt/gpid07/users/morros/VFOA/TRAYECTORIAS2020_03_13/M2020-03-13-14-59-36/img/image_32.png 150.938549 -8.060978 -2.689667 [411.529269, 227.84291]
/mnt/gpid07/users/morros/VFOA/TRAYECTORIAS2020_03_13/M2020-03-13-14-59-36/img/image_33.png 166.051129 -7.558749 -2.915057 [390.471191, 223.303665]
/mnt/gpid07/users/morros/VFOA/TRAYECTORIAS2020_03_13/M2020-03-13-14-59-36/img/image_34.png 178.718829 -6.340260 -2.142625 [374.916626, 224.851562]
/mnt/gpid07/users/morros/VFOA/TRAYECTORIAS2020_03_13/M2020-03-13-14-59-36/img/image_35.png -166.270589 -8.225365 2.222815 [369.465973, 219.210983]
/mnt/gpid07/users/morros/VFOA/TRAYECTORIAS2020_03_13/M2020-03-13-14-59-36/img/image_36.png -154.437648 -8.395018 4.461751 [355.174011, 216.426163]
/mnt/gpid07/users/morros/VFOA/TRAYECTORIAS2020_03_13/M2020-03-13-14-59-36/img/image_37.png -144.020784 -10.196841 4.530297 [336.828217, 218.304077]
/mnt/gpid07/users/morros/VFOA/TRAYECTORIAS2020_03_13/M2020-03-13-14-59-36/img/image_38.png -131.944302 -19.705364 3.593317 [334.953099, 218.538496]
/mnt/gpid07/users/morros/VFOA/TRAYECTORIAS2020_03_13/M2020-03-13-14-59-36/img/image_39.png -121.519444 -28.631182 2.268095 [302.514679, 243.403885]
/mnt/gpid07/users/morros/VFOA/TRAYECTORIAS2020_03_13/M2020-03-13-14-59-36/img/image_40.png -113.515895 -36.166107 0.687547 [282.729706, 263.153442]
/mnt/gpid07/users/morros/VFOA/TRAYECTORIAS2020_03_13/M2020-03-13-14-59-36/img/image_41.png -108.733525 -42.309545 1.046192 [277.124603, 270.375336]
/mnt/gpid07/users/morros/VFOA/TRAYECTORIAS2020_03_13/M2020-03-13-14-59-36/img/image_42.png -106.838866 -46.350926 1.078800 [275.443237, 261.925323]
/mnt/gpid07/users/morros/VFOA/TRAYECTORIAS2020_03_13/M2020-03-13-14-59-36/img/image_43.png -101.778611 -48.651261 0.089868 [268.397705, 245.233826]
/mnt/gpid07/users/morros/VFOA/TRAYECTORIAS2020_03_13/M2020-03-13-14-59-36/img/image_44.png -133.753686 -3.138760 -0.012814 [260.773041, 244.045532]
/mnt/gpid07/users/morros/VFOA/TRAYECTORIAS2020_03_13/M2020-03-13-14-59-36/img/image_45.png -141.700170 3.065061 1.111184 [256.859741, 248.348175]
/mnt/gpid07/users/morros/VFOA/TRAYECTORIAS2020_03_13/M2020-03-13-14-59-36/img/image_50.png -151.701539 5.720491 1.311761 [293.849548, 289.207855]
/mnt/gpid07/users/morros/VFOA/TRAYECTORIAS2020_03_13/M2020-03-13-14-59-36/img/image_51.png -161.617057 4.196357 0.682397 [297.147278, 273.640198]
/mnt/gpid07/users/morros/VFOA/TRAYECTORIAS2020_03_13/M2020-03-13-14-59-36/img/image_52.png -173.938533 0.948847 -1.187605 [299.192017, 252.452988]
/mnt/gpid07/users/morros/VFOA/TRAYECTORIAS2020_03_13/M2020-03-13-14-59-36/img/image_53.png -179.388880 -11.673943 -0.885434 [304.873993, 233.58606]
/mnt/gpid07/users/morros/VFOA/TRAYECTORIAS2020_03_13/M2020-03-13-14-59-36/img/image_54.png 176.699562 -21.419847 0.776504 [311.519135, 221.835114]
/mnt/gpid07/users/morros/VFOA/TRAYECTORIAS2020_03_13/M2020-03-13-14-59-36/img/image_55.png -177.691120 -32.725862 1.828504 [316.121704, 219.862061]
/mnt/gpid07/users/morros/VFOA/TRAYECTORIAS2020_03_13/M2020-03-13-14-59-36/img/image_56.png -176.104412 -37.309209 2.069793 [302.967194, 226.396866]
/mnt/gpid07/users/morros/VFOA/TRAYECTORIAS2020_03_13/M2020-03-13-14-59-36/img/image_57.png -173.400664 -42.157018 0.512508 [285.644592, 235.670715]
/mnt/gpid07/users/morros/VFOA/TRAYECTORIAS2020_03_13/M2020-03-13-14-59-36/img/image_58.png -173.011201 -41.713124 -0.016188 [256.406555, 233.728195]
/mnt/gpid07/users/morros/VFOA/TRAYECTORIAS2020_03_13/M2020-03-13-14-59-36/img/image_59.png -175.540609 -35.189515 -0.682113 [235.271042, 221.945892]
/mnt/gpid07/users/morros/VFOA/TRAYECTORIAS2020_03_13/M2020-03-13-14-59-36/img/image_60.png -179.738570 -25.128442 -0.283305 [216.812912, 211.95787]
/mnt/gpid07/users/morros/VFOA/TRAYECTORIAS2020_03_13/M2020-03-13-14-59-36/img/image_61.png 176.518501 -13.962424 0.161452 [215.047516, 209.166275]
/mnt/gpid07/users/morros/VFOA/TRAYECTORIAS2020_03_13/M2020-03-13-14-59-36/img/image_62.png 175.631403 -3.507842 1.219513 [210.503662, 203.996185]
/mnt/gpid07/users/morros/VFOA/TRAYECTORIAS2020_03_13/M2020-03-13-14-59-36/img/image_63.png 175.524138 5.792509 1.631219 [212.631668, 203.453232]
/mnt/gpid07/users/morros/VFOA/TRAYECTORIAS2020_03_13/M2020-03-13-14-59-36/img/image_64.png -177.095800 10.424307 1.701478 [216.641815, 197.439789]
/mnt/gpid07/users/morros/VFOA/TRAYECTORIAS2020_03_13/M2020-03-13-14-59-36/img/image_65.png -144.194896 10.041954 1.747758 [242.254791, 206.171524]
/mnt/gpid07/users/morros/VFOA/TRAYECTORIAS2020_03_13/M2020-03-13-14-59-36/img/image_66.png -125.352993 7.567546 -0.123794 [254.578537, 214.185242]
/mnt/gpid07/users/morros/VFOA/TRAYECTORIAS2020_03_13/M2020-03-13-14-59-36/img/image_68.png -106.091517 6.737055 -1.019955 [284.614319, 226.674698]
/mnt/gpid07/users/morros/VFOA/TRAYECTORIAS2020_03_13/M2020-03-13-14-59-36/img/image_69.png -88.865144 5.258722 -0.012607 [299.451904, 227.943909]
/mnt/gpid07/users/morros/VFOA/TRAYECTORIAS2020_03_13/M2020-03-13-14-59-36/img/image_70.png -70.162803 -1.121275 0.905357 [307.43219, 217.431259]
/mnt/gpid07/users/morros/VFOA/TRAYECTORIAS2020_03_13/M2020-03-13-14-59-36/img/image_71.png -46.823535 -8.751453 3.413393 [315.992004, 208.309891]
/mnt/gpid07/users/morros/VFOA/TRAYECTORIAS2020_03_13/M2020-03-13-14-59-36/img/image_72.png -28.125229 -19.355912 6.148082 [319.715729, 203.508896]
/mnt/gpid07/users/morros/VFOA/TRAYECTORIAS2020_03_13/M2020-03-13-14-59-36/img/image_73.png -15.665944 -29.603826 7.032606 [324.483032, 207.819931]
/mnt/gpid07/users/morros/VFOA/TRAYECTORIAS2020_03_13/M2020-03-13-14-59-36/img/image_74.png -9.173767 -41.149584 7.999679 [338.489716, 217.072662]
/mnt/gpid07/users/morros/VFOA/TRAYECTORIAS2020_03_13/M2020-03-13-14-59-36/img/image_75.png -4.133744 -48.448678 6.778949 [363.348633, 236.857498]
/mnt/gpid07/users/morros/VFOA/TRAYECTORIAS2020_03_13/M2020-03-13-14-59-36/img/image_76.png -4.102083 -50.735351 7.272040 [390.765625, 252.107346]
/mnt/gpid07/users/morros/VFOA/TRAYECTORIAS2020_03_13/M2020-03-13-14-59-36/img/image_77.png -5.269065 -43.711294 8.184983 [423.250793, 265.892731]
/mnt/gpid07/users/morros/VFOA/TRAYECTORIAS2020_03_13/M2020-03-13-14-59-36/img/image_78.png -2.383311 -30.615431 4.561584 [447.113342, 277.529877]
/mnt/gpid07/users/morros/VFOA/TRAYECTORIAS2020_03_13/M2020-03-13-14-59-36/img/image_79.png 6.478866 -10.616791 0.851289 [458.996368, 290.498657]
/mnt/gpid07/users/morros/VFOA/TRAYECTORIAS2020_03_13/M2020-03-13-14-59-36/img/image_80.png 12.310833 -7.698393 1.817256 [467.625946, 301.828583]
/mnt/gpid07/users/morros/VFOA/TRAYECTORIAS2020_03_13/M2020-03-13-14-59-36/img/image_82.png 15.815123 1.953468 -2.020056 [457.537292, 310.896667]
/mnt/gpid07/users/morros/VFOA/TRAYECTORIAS2020_03_13/M2020-03-13-14-59-36/img/image_83.png 15.226978 8.337158 -2.417445 [457.241272, 324.840546]
/mnt/gpid07/users/morros/VFOA/TRAYECTORIAS2020_03_13/M2020-03-13-14-59-36/img/image_85.png 22.349924 7.432309 -2.114587 [457.366333, 309.543793]
