/mnt/gpid07/users/morros/VFOA/TRAYECTORIAS2020_03_13/M2020-03-13-12-39-23/img/image_23.png -126.473102 -36.871610 5.984269 [557.737793, 289.341156]
/mnt/gpid07/users/morros/VFOA/TRAYECTORIAS2020_03_13/M2020-03-13-12-39-23/img/image_24.png -122.155037 -39.216878 4.010688 [509.31308, 274.2211]
/mnt/gpid07/users/morros/VFOA/TRAYECTORIAS2020_03_13/M2020-03-13-12-39-23/img/image_25.png -117.937034 -41.547900 1.299016 [463.987854, 270.022552]
/mnt/gpid07/users/morros/VFOA/TRAYECTORIAS2020_03_13/M2020-03-13-12-39-23/img/image_26.png -116.432321 -43.401434 1.695955 [418.272797, 271.014587]
/mnt/gpid07/users/morros/VFOA/TRAYECTORIAS2020_03_13/M2020-03-13-12-39-23/img/image_27.png -113.353135 -44.592487 0.724336 [392.763428, 271.572235]
/mnt/gpid07/users/morros/VFOA/TRAYECTORIAS2020_03_13/M2020-03-13-12-39-23/img/image_28.png -112.248482 -45.477590 1.107598 [367.329681, 280.064972]
/mnt/gpid07/users/morros/VFOA/TRAYECTORIAS2020_03_13/M2020-03-13-12-39-23/img/image_29.png -111.070585 -45.455030 1.150675 [334.888184, 292.223694]
/mnt/gpid07/users/morros/VFOA/TRAYECTORIAS2020_03_13/M2020-03-13-12-39-23/img/image_30.png -109.229469 -44.907967 0.393127 [301.617065, 311.048706]
/mnt/gpid07/users/morros/VFOA/TRAYECTORIAS2020_03_13/M2020-03-13-12-39-23/img/image_31.png -109.544652 -43.973405 0.122638 [265.480072, 327.76474]
/mnt/gpid07/users/morros/VFOA/TRAYECTORIAS2020_03_13/M2020-03-13-12-39-23/img/image_32.png -111.911277 -41.139426 1.256856 [235.955627, 338.062256]
/mnt/gpid07/users/morros/VFOA/TRAYECTORIAS2020_03_13/M2020-03-13-12-39-23/img/image_33.png -114.245913 -36.033643 2.442620 [210.888107, 348.296051]
/mnt/gpid07/users/morros/VFOA/TRAYECTORIAS2020_03_13/M2020-03-13-12-39-23/img/image_34.png -117.951244 -28.706213 2.952217 [187.400436, 355.752441]
/mnt/gpid07/users/morros/VFOA/TRAYECTORIAS2020_03_13/M2020-03-13-12-39-23/img/image_35.png -126.096906 -22.974316 3.141423 [163.823959, 352.966827]
/mnt/gpid07/users/morros/VFOA/TRAYECTORIAS2020_03_13/M2020-03-13-12-39-23/img/image_36.png -133.266812 -17.577354 2.085479 [139.953766, 352.926514]
/mnt/gpid07/users/morros/VFOA/TRAYECTORIAS2020_03_13/M2020-03-13-12-39-23/img/image_37.png -143.511873 -10.617925 1.203155 [137.563809, 352.949935]
/mnt/gpid07/users/morros/VFOA/TRAYECTORIAS2020_03_13/M2020-03-13-12-39-23/img/image_38.png -155.083014 -7.956748 -0.101632 [109.988991, 352.203644]
/mnt/gpid07/users/morros/VFOA/TRAYECTORIAS2020_03_13/M2020-03-13-12-39-23/img/image_39.png -167.724064 -7.190025 -0.283354 [106.97966, 352.121318]
/mnt/gpid07/users/morros/VFOA/TRAYECTORIAS2020_03_13/M2020-03-13-12-39-23/img/image_40.png -177.039642 -5.246170 0.228543 [81.987404, 340.941223]
/mnt/gpid07/users/morros/VFOA/TRAYECTORIAS2020_03_13/M2020-03-13-12-39-23/img/image_41.png 176.318057 -6.815025 0.399190 [88.504906, 351.130127]
/mnt/gpid07/users/morros/VFOA/TRAYECTORIAS2020_03_13/M2020-03-13-12-39-23/img/image_42.png 172.070153 -10.092067 -0.565537 [85.808136, 345.490906]
/mnt/gpid07/users/morros/VFOA/TRAYECTORIAS2020_03_13/M2020-03-13-12-39-23/img/image_43.png 169.748708 -16.497833 -1.136215 [100.211349, 343.870178]
/mnt/gpid07/users/morros/VFOA/TRAYECTORIAS2020_03_13/M2020-03-13-12-39-23/img/image_44.png 169.822244 -22.934048 -1.384375 [111.02916, 338.039673]
/mnt/gpid07/users/morros/VFOA/TRAYECTORIAS2020_03_13/M2020-03-13-12-39-23/img/image_45.png 168.954070 -28.672626 -1.552942 [129.433533, 334.306183]
/mnt/gpid07/users/morros/VFOA/TRAYECTORIAS2020_03_13/M2020-03-13-12-39-23/img/image_46.png 167.723378 -35.628555 -1.238413 [139.625778, 332.329102]
/mnt/gpid07/users/morros/VFOA/TRAYECTORIAS2020_03_13/M2020-03-13-12-39-23/img/image_47.png 167.846276 -40.520678 -1.682787 [154.751816, 325.337097]
/mnt/gpid07/users/morros/VFOA/TRAYECTORIAS2020_03_13/M2020-03-13-12-39-23/img/image_48.png 168.360409 -44.482598 -1.767444 [169.289978, 323.452728]
/mnt/gpid07/users/morros/VFOA/TRAYECTORIAS2020_03_13/M2020-03-13-12-39-23/img/image_49.png 168.270952 -45.835862 -0.884199 [182.432968, 318.444]
/mnt/gpid07/users/morros/VFOA/TRAYECTORIAS2020_03_13/M2020-03-13-12-39-23/img/image_50.png 165.784163 -45.255074 1.685888 [189.604248, 310.507324]
/mnt/gpid07/users/morros/VFOA/TRAYECTORIAS2020_03_13/M2020-03-13-12-39-23/img/image_51.png 156.806397 -44.237313 8.519568 [194.046783, 298.304047]
/mnt/gpid07/users/morros/VFOA/TRAYECTORIAS2020_03_13/M2020-03-13-12-39-23/img/image_52.png 154.143292 -43.314767 11.681906 [194.265228, 280.424774]
/mnt/gpid07/users/morros/VFOA/TRAYECTORIAS2020_03_13/M2020-03-13-12-39-23/img/image_53.png 152.984694 -44.176488 12.129377 [188.423386, 257.34549]
/mnt/gpid07/users/morros/VFOA/TRAYECTORIAS2020_03_13/M2020-03-13-12-39-23/img/image_54.png 156.691844 -44.607368 8.652446 [172.973038, 237.572891]
/mnt/gpid07/users/morros/VFOA/TRAYECTORIAS2020_03_13/M2020-03-13-12-39-23/img/image_55.png 159.193608 -34.742752 -0.219495 [164.696121, 224.612259]
/mnt/gpid07/users/morros/VFOA/TRAYECTORIAS2020_03_13/M2020-03-13-12-39-23/img/image_56.png 151.094192 -15.272445 -2.295267 [163.940164, 223.384315]
/mnt/gpid07/users/morros/VFOA/TRAYECTORIAS2020_03_13/M2020-03-13-12-39-23/img/image_58.png 140.119308 -0.245039 2.331496 [127.904587, 201.356201]
/mnt/gpid07/users/morros/VFOA/TRAYECTORIAS2020_03_13/M2020-03-13-12-39-23/img/image_59.png 137.271922 -2.776601 1.266109 [122.336975, 202.544174]
/mnt/gpid07/users/morros/VFOA/TRAYECTORIAS2020_03_13/M2020-03-13-12-39-23/img/image_63.png -158.511580 0.081030 -2.677920 [110.066612, 208.15155]
/mnt/gpid07/users/morros/VFOA/TRAYECTORIAS2020_03_13/M2020-03-13-12-39-23/img/image_65.png -143.174928 -3.328032 -2.305819 [108.715541, 208.737876]
/mnt/gpid07/users/morros/VFOA/TRAYECTORIAS2020_03_13/M2020-03-13-12-39-23/img/image_66.png -132.679835 -1.111540 1.239514 [108.726014, 208.733331]
/mnt/gpid07/users/morros/VFOA/TRAYECTORIAS2020_03_13/M2020-03-13-12-39-23/img/image_67.png -114.626820 -2.979985 3.071446 [177.01622, 229.80864]
/mnt/gpid07/users/morros/VFOA/TRAYECTORIAS2020_03_13/M2020-03-13-12-39-23/img/image_68.png -97.414545 -6.040234 3.199951 [185.829437, 253.150925]
/mnt/gpid07/users/morros/VFOA/TRAYECTORIAS2020_03_13/M2020-03-13-12-39-23/img/image_69.png -80.530406 -5.703124 3.821855 [175.930542, 260.280853]
/mnt/gpid07/users/morros/VFOA/TRAYECTORIAS2020_03_13/M2020-03-13-12-39-23/img/image_70.png -69.707115 -6.646111 1.292409 [164.791748, 258.933014]
/mnt/gpid07/users/morros/VFOA/TRAYECTORIAS2020_03_13/M2020-03-13-12-39-23/img/image_71.png -66.894955 -6.189579 -1.104373 [156.092819, 252.080414]
/mnt/gpid07/users/morros/VFOA/TRAYECTORIAS2020_03_13/M2020-03-13-12-39-23/img/image_72.png -66.019741 -10.306069 -1.942881 [170.240143, 240.964722]
/mnt/gpid07/users/morros/VFOA/TRAYECTORIAS2020_03_13/M2020-03-13-12-39-23/img/image_73.png -59.188522 -13.772646 -1.481020 [198.104416, 231.255692]
/mnt/gpid07/users/morros/VFOA/TRAYECTORIAS2020_03_13/M2020-03-13-12-39-23/img/image_74.png -51.217404 -14.372085 -0.208789 [211.125366, 223.700455]
/mnt/gpid07/users/morros/VFOA/TRAYECTORIAS2020_03_13/M2020-03-13-12-39-23/img/image_75.png -42.213757 -13.521114 0.952577 [214.742722, 222.067596]
/mnt/gpid07/users/morros/VFOA/TRAYECTORIAS2020_03_13/M2020-03-13-12-39-23/img/image_76.png -38.081327 -11.894584 1.517912 [217.554703, 235.833969]
/mnt/gpid07/users/morros/VFOA/TRAYECTORIAS2020_03_13/M2020-03-13-12-39-23/img/image_77.png -35.517653 -11.016762 1.761872 [235.494019, 254.595261]
/mnt/gpid07/users/morros/VFOA/TRAYECTORIAS2020_03_13/M2020-03-13-12-39-23/img/image_78.png -32.794268 -9.205768 0.877556 [249.393295, 275.948547]
/mnt/gpid07/users/morros/VFOA/TRAYECTORIAS2020_03_13/M2020-03-13-12-39-23/img/image_79.png -26.001924 -6.901766 1.275447 [250.742823, 278.109796]
/mnt/gpid07/users/morros/VFOA/TRAYECTORIAS2020_03_13/M2020-03-13-12-39-23/img/image_80.png -19.630911 -5.161605 1.697090 [250.752278, 278.134]
/mnt/gpid07/users/morros/VFOA/TRAYECTORIAS2020_03_13/M2020-03-13-12-39-23/img/image_81.png -17.222324 -4.946884 0.417614 [250.739823, 278.11505]
/mnt/gpid07/users/morros/VFOA/TRAYECTORIAS2020_03_13/M2020-03-13-12-39-23/img/image_82.png -16.567470 -1.304537 -1.125132 [248.887726, 279.016846]
/mnt/gpid07/users/morros/VFOA/TRAYECTORIAS2020_03_13/M2020-03-13-12-39-23/img/image_83.png -19.069219 -2.887995 -0.029425 [246.981354, 285.546783]
/mnt/gpid07/users/morros/VFOA/TRAYECTORIAS2020_03_13/M2020-03-13-12-39-23/img/image_84.png -20.993046 -3.081553 -0.325259 [255.716965, 292.529816]
/mnt/gpid07/users/morros/VFOA/TRAYECTORIAS2020_03_13/M2020-03-13-12-39-23/img/image_85.png -22.323554 -0.899687 0.015461 [274.320038, 292.420959]
/mnt/gpid07/users/morros/VFOA/TRAYECTORIAS2020_03_13/M2020-03-13-12-39-23/img/image_86.png -25.530207 -1.077149 -0.493177 [304.496002, 281.91098]
/mnt/gpid07/users/morros/VFOA/TRAYECTORIAS2020_03_13/M2020-03-13-12-39-23/img/image_87.png -25.874545 -5.358012 -1.076652 [338.533356, 270.524048]
/mnt/gpid07/users/morros/VFOA/TRAYECTORIAS2020_03_13/M2020-03-13-12-39-23/img/image_88.png -24.383134 -5.818687 -0.796200 [374.502563, 259.215271]
/mnt/gpid07/users/morros/VFOA/TRAYECTORIAS2020_03_13/M2020-03-13-12-39-23/img/image_89.png -25.594301 -6.145811 -0.938776 [401.95575, 247.225464]
/mnt/gpid07/users/morros/VFOA/TRAYECTORIAS2020_03_13/M2020-03-13-12-39-23/img/image_90.png -25.163639 -6.455886 -0.321491 [422.528381, 239.975998]
/mnt/gpid07/users/morros/VFOA/TRAYECTORIAS2020_03_13/M2020-03-13-12-39-23/img/image_91.png -26.030536 -6.396387 -0.379744 [438.495117, 242.995071]
/mnt/gpid07/users/morros/VFOA/TRAYECTORIAS2020_03_13/M2020-03-13-12-39-23/img/image_92.png -26.218171 -6.417396 -0.431018 [449.258209, 255.056366]
/mnt/gpid07/users/morros/VFOA/TRAYECTORIAS2020_03_13/M2020-03-13-12-39-23/img/image_93.png -24.993906 -6.155149 -0.391995 [455.538177, 265.707306]
/mnt/gpid07/users/morros/VFOA/TRAYECTORIAS2020_03_13/M2020-03-13-12-39-23/img/image_94.png -26.193213 -12.281904 -1.843677 [459.420502, 276.914978]
/mnt/gpid07/users/morros/VFOA/TRAYECTORIAS2020_03_13/M2020-03-13-12-39-23/img/image_95.png -27.249545 -28.707532 -3.614306 [467.513611, 285.016968]
/mnt/gpid07/users/morros/VFOA/TRAYECTORIAS2020_03_13/M2020-03-13-12-39-23/img/image_96.png -24.357813 -41.824245 -4.219641 [477.761536, 287.716461]
/mnt/gpid07/users/morros/VFOA/TRAYECTORIAS2020_03_13/M2020-03-13-12-39-23/img/image_97.png -25.636260 -46.459877 -2.693647 [488.89032, 292.720856]
/mnt/gpid07/users/morros/VFOA/TRAYECTORIAS2020_03_13/M2020-03-13-12-39-23/img/image_98.png -25.607536 -45.267658 -2.509949 [498.406616, 296.794006]
/mnt/gpid07/users/morros/VFOA/TRAYECTORIAS2020_03_13/M2020-03-13-12-39-23/img/image_99.png -26.171329 -42.357922 -2.026061 [504.914734, 297.726562]
/mnt/gpid07/users/morros/VFOA/TRAYECTORIAS2020_03_13/M2020-03-13-12-39-23/img/image_100.png -25.848855 -33.868747 -1.458540 [508.176117, 297.527832]
/mnt/gpid07/users/morros/VFOA/TRAYECTORIAS2020_03_13/M2020-03-13-12-39-23/img/image_101.png -26.137384 -18.966587 -1.014785 [508.96756, 297.983063]
/mnt/gpid07/users/morros/VFOA/TRAYECTORIAS2020_03_13/M2020-03-13-12-39-23/img/image_102.png -26.395978 -5.126530 -1.136197 [508.380066, 296.736694]
/mnt/gpid07/users/morros/VFOA/TRAYECTORIAS2020_03_13/M2020-03-13-12-39-23/img/image_103.png -26.086948 -3.040944 -1.403894 [505.37677, 296.254852]
/mnt/gpid07/users/morros/VFOA/TRAYECTORIAS2020_03_13/M2020-03-13-12-39-23/img/image_104.png -20.434755 -4.122087 -0.206095 [504.371948, 296.582916]
/mnt/gpid07/users/morros/VFOA/TRAYECTORIAS2020_03_13/M2020-03-13-12-39-23/img/image_105.png -11.256072 -4.776741 0.733645 [504.291451, 296.623822]
/mnt/gpid07/users/morros/VFOA/TRAYECTORIAS2020_03_13/M2020-03-13-12-39-23/img/image_106.png -1.660187 -6.938910 0.052133 [527.23999, 338.493469]
/mnt/gpid07/users/morros/VFOA/TRAYECTORIAS2020_03_13/M2020-03-13-12-39-23/img/image_111.png 31.361439 -0.185425 0.609094 [530.72168, 344.778961]
/mnt/gpid07/users/morros/VFOA/TRAYECTORIAS2020_03_13/M2020-03-13-12-39-23/img/image_112.png 32.108740 -1.008809 0.206615 [512.814453, 315.917297]
/mnt/gpid07/users/morros/VFOA/TRAYECTORIAS2020_03_13/M2020-03-13-12-39-23/img/image_113.png 33.013025 -3.049311 0.913517 [497.90567, 295.755768]
/mnt/gpid07/users/morros/VFOA/TRAYECTORIAS2020_03_13/M2020-03-13-12-39-23/img/image_114.png 32.502117 -5.755695 0.282044 [492.692322, 290.658417]
/mnt/gpid07/users/morros/VFOA/TRAYECTORIAS2020_03_13/M2020-03-13-12-39-23/img/image_115.png 30.652260 -4.949466 0.013767 [493.072754, 296.736786]
/mnt/gpid07/users/morros/VFOA/TRAYECTORIAS2020_03_13/M2020-03-13-12-39-23/img/image_116.png 30.828930 -6.062723 0.941103 [491.607727, 305.423889]
/mnt/gpid07/users/morros/VFOA/TRAYECTORIAS2020_03_13/M2020-03-13-12-39-23/img/image_117.png 31.662943 -6.159167 1.655158 [493.564758, 317.147736]
/mnt/gpid07/users/morros/VFOA/TRAYECTORIAS2020_03_13/M2020-03-13-12-39-23/img/image_118.png 30.597102 -5.258211 2.133281 [493.658112, 322.472839]
/mnt/gpid07/users/morros/VFOA/TRAYECTORIAS2020_03_13/M2020-03-13-12-39-23/img/image_119.png 30.498266 -3.501915 3.046823 [491.745697, 315.776062]
/mnt/gpid07/users/morros/VFOA/TRAYECTORIAS2020_03_13/M2020-03-13-12-39-23/img/image_120.png 28.906371 -1.338598 4.618977 [481.065948, 298.560791]
/mnt/gpid07/users/morros/VFOA/TRAYECTORIAS2020_03_13/M2020-03-13-12-39-23/img/image_121.png 27.837162 0.074872 4.895889 [476.852692, 280.958221]
/mnt/gpid07/users/morros/VFOA/TRAYECTORIAS2020_03_13/M2020-03-13-12-39-23/img/image_122.png 26.038622 -1.874387 4.238582 [481.777405, 269.105042]
/mnt/gpid07/users/morros/VFOA/TRAYECTORIAS2020_03_13/M2020-03-13-12-39-23/img/image_123.png 27.576831 -3.834422 4.031744 [487.575806, 256.700043]
/mnt/gpid07/users/morros/VFOA/TRAYECTORIAS2020_03_13/M2020-03-13-12-39-23/img/image_124.png 29.245031 -5.107305 2.914586 [502.858154, 254.310669]
/mnt/gpid07/users/morros/VFOA/TRAYECTORIAS2020_03_13/M2020-03-13-12-39-23/img/image_125.png 29.621897 -3.375315 1.963553 [520.717896, 262.401245]
/mnt/gpid07/users/morros/VFOA/TRAYECTORIAS2020_03_13/M2020-03-13-12-39-23/img/image_126.png 27.437259 -21.499390 2.319592 [532.255066, 269.688324]
/mnt/gpid07/users/morros/VFOA/TRAYECTORIAS2020_03_13/M2020-03-13-12-39-23/img/image_127.png 21.134942 -61.519943 3.273447 [551.722107, 274.395203]
/mnt/gpid07/users/morros/VFOA/TRAYECTORIAS2020_03_13/M2020-03-13-12-39-23/img/image_128.png 156.176588 -82.411069 -138.815269 [564.511108, 275.799438]
