/mnt/gpid07/users/morros/VFOA/TRAYECTORIAS2020_03_13/M2020-03-13-10-47-36/img/image_17.png -51.601701 -1.928852 -4.023098 [588.847717, 282.917511]
/mnt/gpid07/users/morros/VFOA/TRAYECTORIAS2020_03_13/M2020-03-13-10-47-36/img/image_18.png -51.553834 -3.314217 -3.065778 [569.284973, 277.450195]
/mnt/gpid07/users/morros/VFOA/TRAYECTORIAS2020_03_13/M2020-03-13-10-47-36/img/image_19.png -52.091964 -4.227911 -2.447040 [545.449646, 264.088348]
/mnt/gpid07/users/morros/VFOA/TRAYECTORIAS2020_03_13/M2020-03-13-10-47-36/img/image_20.png -54.662585 -5.791494 -2.497499 [527.191223, 241.249985]
/mnt/gpid07/users/morros/VFOA/TRAYECTORIAS2020_03_13/M2020-03-13-10-47-36/img/image_21.png -60.538886 -6.451338 -3.038521 [510.400848, 215.176178]
/mnt/gpid07/users/morros/VFOA/TRAYECTORIAS2020_03_13/M2020-03-13-10-47-36/img/image_22.png -64.576535 -5.865990 -3.343072 [488.186584, 194.486404]
/mnt/gpid07/users/morros/VFOA/TRAYECTORIAS2020_03_13/M2020-03-13-10-47-36/img/image_23.png -73.592691 -5.763505 -4.141966 [464.487427, 179.265808]
/mnt/gpid07/users/morros/VFOA/TRAYECTORIAS2020_03_13/M2020-03-13-10-47-36/img/image_24.png -88.522824 -10.710390 -4.922400 [434.321503, 169.497208]
/mnt/gpid07/users/morros/VFOA/TRAYECTORIAS2020_03_13/M2020-03-13-10-47-36/img/image_25.png -98.818604 -14.779036 -3.906131 [404.087524, 168.999481]
/mnt/gpid07/users/morros/VFOA/TRAYECTORIAS2020_03_13/M2020-03-13-10-47-36/img/image_26.png -105.254328 -21.571316 -1.987705 [369.65332, 172.658218]
/mnt/gpid07/users/morros/VFOA/TRAYECTORIAS2020_03_13/M2020-03-13-10-47-36/img/image_27.png -110.299444 -30.914999 -0.430172 [344.30307, 179.599792]
/mnt/gpid07/users/morros/VFOA/TRAYECTORIAS2020_03_13/M2020-03-13-10-47-36/img/image_28.png -114.886521 -39.807449 1.797732 [322.648865, 186.827988]
/mnt/gpid07/users/morros/VFOA/TRAYECTORIAS2020_03_13/M2020-03-13-10-47-36/img/image_29.png -116.802809 -46.160046 2.653474 [305.659882, 183.985748]
/mnt/gpid07/users/morros/VFOA/TRAYECTORIAS2020_03_13/M2020-03-13-10-47-36/img/image_30.png -119.327892 -48.413386 2.503247 [299.428284, 186.052139]
/mnt/gpid07/users/morros/VFOA/TRAYECTORIAS2020_03_13/M2020-03-13-10-47-36/img/image_31.png -123.277637 -46.316593 2.748943 [305.089905, 186.986298]
/mnt/gpid07/users/morros/VFOA/TRAYECTORIAS2020_03_13/M2020-03-13-10-47-36/img/image_32.png -127.843712 -40.484860 -0.774237 [312.50238, 182.580856]
/mnt/gpid07/users/morros/VFOA/TRAYECTORIAS2020_03_13/M2020-03-13-10-47-36/img/image_33.png -137.105132 -30.732690 0.691807 [317.6875, 168.962753]
/mnt/gpid07/users/morros/VFOA/TRAYECTORIAS2020_03_13/M2020-03-13-10-47-36/img/image_34.png -154.872799 -19.279790 1.373912 [316.555878, 148.945053]
/mnt/gpid07/users/morros/VFOA/TRAYECTORIAS2020_03_13/M2020-03-13-10-47-36/img/image_35.png -174.596456 -12.659334 2.473297 [316.295776, 134.890915]
/mnt/gpid07/users/morros/VFOA/TRAYECTORIAS2020_03_13/M2020-03-13-10-47-36/img/image_36.png 163.506271 -8.044656 3.469798 [317.799011, 127.207909]
/mnt/gpid07/users/morros/VFOA/TRAYECTORIAS2020_03_13/M2020-03-13-10-47-36/img/image_37.png 144.530425 -3.585959 4.883983 [318.295959, 131.702316]
/mnt/gpid07/users/morros/VFOA/TRAYECTORIAS2020_03_13/M2020-03-13-10-47-36/img/image_38.png 129.910720 0.401201 4.927761 [316.221161, 150.497025]
/mnt/gpid07/users/morros/VFOA/TRAYECTORIAS2020_03_13/M2020-03-13-10-47-36/img/image_39.png 119.238580 2.971083 5.296481 [310.551514, 181.503296]
/mnt/gpid07/users/morros/VFOA/TRAYECTORIAS2020_03_13/M2020-03-13-10-47-36/img/image_40.png 109.048572 3.374091 5.957615 [303.686157, 209.767654]
/mnt/gpid07/users/morros/VFOA/TRAYECTORIAS2020_03_13/M2020-03-13-10-47-36/img/image_41.png 92.345480 5.437941 4.647355 [302.987664, 212.566671]
/mnt/gpid07/users/morros/VFOA/TRAYECTORIAS2020_03_13/M2020-03-13-10-47-36/img/image_42.png 79.691492 6.772062 2.131334 [302.979484, 212.591919]
/mnt/gpid07/users/morros/VFOA/TRAYECTORIAS2020_03_13/M2020-03-13-10-47-36/img/image_43.png 68.171235 5.890630 1.278257 [271.886475, 218.495483]
/mnt/gpid07/users/morros/VFOA/TRAYECTORIAS2020_03_13/M2020-03-13-10-47-36/img/image_44.png 55.138928 4.670352 -0.084064 [261.139282, 206.144714]
/mnt/gpid07/users/morros/VFOA/TRAYECTORIAS2020_03_13/M2020-03-13-10-47-36/img/image_45.png 46.242230 2.341450 -0.036395 [254.647797, 198.590851]
/mnt/gpid07/users/morros/VFOA/TRAYECTORIAS2020_03_13/M2020-03-13-10-47-36/img/image_46.png 38.194249 -0.204703 0.813839 [255.574753, 196.049133]
/mnt/gpid07/users/morros/VFOA/TRAYECTORIAS2020_03_13/M2020-03-13-10-47-36/img/image_47.png 31.103834 0.634519 1.703122 [262.312836, 201.329834]
/mnt/gpid07/users/morros/VFOA/TRAYECTORIAS2020_03_13/M2020-03-13-10-47-36/img/image_48.png 30.962729 -0.525363 2.500055 [315.769409, 219.462845]
/mnt/gpid07/users/morros/VFOA/TRAYECTORIAS2020_03_13/M2020-03-13-10-47-36/img/image_49.png 27.942262 1.501474 1.040933 [343.823273, 230.237518]
/mnt/gpid07/users/morros/VFOA/TRAYECTORIAS2020_03_13/M2020-03-13-10-47-36/img/image_50.png 30.100421 2.137195 0.187222 [363.277161, 239.087952]
/mnt/gpid07/users/morros/VFOA/TRAYECTORIAS2020_03_13/M2020-03-13-10-47-36/img/image_51.png 29.642458 1.033185 -0.164132 [372.870697, 245.401917]
/mnt/gpid07/users/morros/VFOA/TRAYECTORIAS2020_03_13/M2020-03-13-10-47-36/img/image_52.png 24.511494 -1.889496 0.158695 [373.731447, 246.007948]
/mnt/gpid07/users/morros/VFOA/TRAYECTORIAS2020_03_13/M2020-03-13-10-47-36/img/image_53.png 18.063892 -5.403750 0.160650 [355.001038, 254.459122]
/mnt/gpid07/users/morros/VFOA/TRAYECTORIAS2020_03_13/M2020-03-13-10-47-36/img/image_54.png 12.394966 -11.073474 1.566343 [332.379761, 252.411652]
/mnt/gpid07/users/morros/VFOA/TRAYECTORIAS2020_03_13/M2020-03-13-10-47-36/img/image_55.png 4.413743 -18.361911 3.672704 [330.078724, 252.101918]
/mnt/gpid07/users/morros/VFOA/TRAYECTORIAS2020_03_13/M2020-03-13-10-47-36/img/image_57.png 0.260409 -27.704839 5.262352 [330.071874, 252.089924]
/mnt/gpid07/users/morros/VFOA/TRAYECTORIAS2020_03_13/M2020-03-13-10-47-36/img/image_58.png -3.152647 -29.897565 7.054240 [258.380798, 261.477509]
/mnt/gpid07/users/morros/VFOA/TRAYECTORIAS2020_03_13/M2020-03-13-10-47-36/img/image_59.png -1.390571 -38.096640 5.879856 [246.925415, 280.425934]
/mnt/gpid07/users/morros/VFOA/TRAYECTORIAS2020_03_13/M2020-03-13-10-47-36/img/image_60.png -0.738980 -41.518397 2.578557 [228.604492, 310.374847]
/mnt/gpid07/users/morros/VFOA/TRAYECTORIAS2020_03_13/M2020-03-13-10-47-36/img/image_61.png 2.587657 -41.022188 0.429036 [208.95845, 341.153412]
/mnt/gpid07/users/morros/VFOA/TRAYECTORIAS2020_03_13/M2020-03-13-10-47-36/img/image_62.png 2.823697 -31.827472 -0.066777 [197.420303, 358.788147]
/mnt/gpid07/users/morros/VFOA/TRAYECTORIAS2020_03_13/M2020-03-13-10-47-36/img/image_63.png 5.548828 -24.714903 -1.822696 [184.07222, 370.513855]
/mnt/gpid07/users/morros/VFOA/TRAYECTORIAS2020_03_13/M2020-03-13-10-47-36/img/image_64.png 4.335714 -15.522680 -2.602401 [176.74118, 370.465363]
/mnt/gpid07/users/morros/VFOA/TRAYECTORIAS2020_03_13/M2020-03-13-10-47-36/img/image_65.png 2.158650 -7.978438 -3.123142 [174.580338, 361.448639]
/mnt/gpid07/users/morros/VFOA/TRAYECTORIAS2020_03_13/M2020-03-13-10-47-36/img/image_66.png 3.268206 -5.549065 -3.635953 [164.073059, 341.186523]
/mnt/gpid07/users/morros/VFOA/TRAYECTORIAS2020_03_13/M2020-03-13-10-47-36/img/image_67.png 2.146758 -4.475202 -2.380637 [163.013763, 318.824036]
/mnt/gpid07/users/morros/VFOA/TRAYECTORIAS2020_03_13/M2020-03-13-10-47-36/img/image_68.png 4.552841 -4.618331 -0.671177 [169.950287, 301.509888]
/mnt/gpid07/users/morros/VFOA/TRAYECTORIAS2020_03_13/M2020-03-13-10-47-36/img/image_69.png 12.718679 -3.049591 1.583089 [174.353455, 288.640961]
/mnt/gpid07/users/morros/VFOA/TRAYECTORIAS2020_03_13/M2020-03-13-10-47-36/img/image_70.png 29.253193 -4.555679 3.760471 [167.321198, 284.071075]
/mnt/gpid07/users/morros/VFOA/TRAYECTORIAS2020_03_13/M2020-03-13-10-47-36/img/image_71.png 46.652531 -4.971568 3.991393 [151.551208, 284.000458]
/mnt/gpid07/users/morros/VFOA/TRAYECTORIAS2020_03_13/M2020-03-13-10-47-36/img/image_72.png 67.753794 -6.123155 4.164837 [126.308167, 282.883087]
/mnt/gpid07/users/morros/VFOA/TRAYECTORIAS2020_03_13/M2020-03-13-10-47-36/img/image_73.png 87.491541 -7.406184 3.337195 [113.736992, 282.916077]
/mnt/gpid07/users/morros/VFOA/TRAYECTORIAS2020_03_13/M2020-03-13-10-47-36/img/image_74.png 100.902633 -7.099346 1.943598 [112.606593, 282.930879]
/mnt/gpid07/users/morros/VFOA/TRAYECTORIAS2020_03_13/M2020-03-13-10-47-36/img/image_75.png 109.976426 -5.351703 0.773103 [125.51487, 285.470886]
/mnt/gpid07/users/morros/VFOA/TRAYECTORIAS2020_03_13/M2020-03-13-10-47-36/img/image_76.png 118.324517 -2.797133 -0.290880 [141.735794, 291.420105]
/mnt/gpid07/users/morros/VFOA/TRAYECTORIAS2020_03_13/M2020-03-13-10-47-36/img/image_77.png 124.048406 -2.065486 0.278896 [150.534729, 295.926239]
/mnt/gpid07/users/morros/VFOA/TRAYECTORIAS2020_03_13/M2020-03-13-10-47-36/img/image_78.png 127.952909 -0.495951 0.659049 [158.798935, 292.171814]
/mnt/gpid07/users/morros/VFOA/TRAYECTORIAS2020_03_13/M2020-03-13-10-47-36/img/image_79.png 133.974561 0.578055 1.828698 [169.240829, 278.041168]
/mnt/gpid07/users/morros/VFOA/TRAYECTORIAS2020_03_13/M2020-03-13-10-47-36/img/image_80.png 139.763907 -1.011034 2.971828 [178.069626, 258.847137]
/mnt/gpid07/users/morros/VFOA/TRAYECTORIAS2020_03_13/M2020-03-13-10-47-36/img/image_81.png 144.530064 -2.009912 3.055208 [188.187836, 243.19632]
/mnt/gpid07/users/morros/VFOA/TRAYECTORIAS2020_03_13/M2020-03-13-10-47-36/img/image_82.png 154.155334 -5.291320 1.703390 [199.227356, 240.157547]
/mnt/gpid07/users/morros/VFOA/TRAYECTORIAS2020_03_13/M2020-03-13-10-47-36/img/image_83.png 167.945318 -5.696114 0.909345 [217.605896, 250.672455]
/mnt/gpid07/users/morros/VFOA/TRAYECTORIAS2020_03_13/M2020-03-13-10-47-36/img/image_84.png 175.614858 -4.378802 0.257483 [242.473648, 271.81189]
/mnt/gpid07/users/morros/VFOA/TRAYECTORIAS2020_03_13/M2020-03-13-10-47-36/img/image_85.png 178.924416 -4.381738 -0.416634 [266.697632, 291.761536]
/mnt/gpid07/users/morros/VFOA/TRAYECTORIAS2020_03_13/M2020-03-13-10-47-36/img/image_86.png 175.999779 -5.675768 -1.471963 [287.044891, 307.465698]
/mnt/gpid07/users/morros/VFOA/TRAYECTORIAS2020_03_13/M2020-03-13-10-47-36/img/image_87.png 169.572878 -6.218257 -1.114048 [300.235321, 315.192841]
/mnt/gpid07/users/morros/VFOA/TRAYECTORIAS2020_03_13/M2020-03-13-10-47-36/img/image_88.png 171.303971 -5.511643 -0.984008 [317.912598, 314.826965]
/mnt/gpid07/users/morros/VFOA/TRAYECTORIAS2020_03_13/M2020-03-13-10-47-36/img/image_89.png 176.298449 -8.420355 0.474704 [346.038055, 311.684662]
/mnt/gpid07/users/morros/VFOA/TRAYECTORIAS2020_03_13/M2020-03-13-10-47-36/img/image_90.png -177.012839 -9.405214 1.663541 [348.955083, 311.342667]
/mnt/gpid07/users/morros/VFOA/TRAYECTORIAS2020_03_13/M2020-03-13-10-47-36/img/image_91.png -167.985011 -11.267158 1.758333 [395.392303, 303.077942]
/mnt/gpid07/users/morros/VFOA/TRAYECTORIAS2020_03_13/M2020-03-13-10-47-36/img/image_92.png -161.259393 -20.718756 1.531487 [402.76947, 314.558716]
/mnt/gpid07/users/morros/VFOA/TRAYECTORIAS2020_03_13/M2020-03-13-10-47-36/img/image_93.png -159.458862 -29.114115 1.779888 [410.217346, 334.826508]
/mnt/gpid07/users/morros/VFOA/TRAYECTORIAS2020_03_13/M2020-03-13-10-47-36/img/image_94.png -157.813712 -35.641502 0.995493 [405.436188, 356.961395]
/mnt/gpid07/users/morros/VFOA/TRAYECTORIAS2020_03_13/M2020-03-13-10-47-36/img/image_95.png -155.226886 -32.740682 -0.798387 [396.639954, 362.743927]
/mnt/gpid07/users/morros/VFOA/TRAYECTORIAS2020_03_13/M2020-03-13-10-47-36/img/image_96.png -160.213961 -21.429022 -1.576566 [386.969513, 372.553772]
/mnt/gpid07/users/morros/VFOA/TRAYECTORIAS2020_03_13/M2020-03-13-10-47-36/img/image_97.png -161.288475 -15.720658 -2.521631 [377.810059, 371.358154]
/mnt/gpid07/users/morros/VFOA/TRAYECTORIAS2020_03_13/M2020-03-13-10-47-36/img/image_98.png -162.838423 -12.655538 -2.602969 [373.704529, 367.266418]
/mnt/gpid07/users/morros/VFOA/TRAYECTORIAS2020_03_13/M2020-03-13-10-47-36/img/image_99.png -170.320348 -10.112642 -2.362335 [378.030426, 360.998535]
/mnt/gpid07/users/morros/VFOA/TRAYECTORIAS2020_03_13/M2020-03-13-10-47-36/img/image_100.png 163.376760 -4.843812 -3.198706 [396.512451, 357.304413]
/mnt/gpid07/users/morros/VFOA/TRAYECTORIAS2020_03_13/M2020-03-13-10-47-36/img/image_101.png 137.226065 -5.997977 -3.359357 [417.775238, 347.848114]
