/mnt/gpid07/users/morros/VFOA/TRAYECTORIAS2020_03_13/M2020-03-13-14-58-47/img/image_12.png 149.042907 10.333997 -7.762906 [566.978149, 249.528122]
/mnt/gpid07/users/morros/VFOA/TRAYECTORIAS2020_03_13/M2020-03-13-14-58-47/img/image_13.png 139.326927 9.552586 -8.797299 [532.314453, 239.808075]
/mnt/gpid07/users/morros/VFOA/TRAYECTORIAS2020_03_13/M2020-03-13-14-58-47/img/image_14.png 135.872524 8.941494 -7.382086 [499.161377, 239.236328]
/mnt/gpid07/users/morros/VFOA/TRAYECTORIAS2020_03_13/M2020-03-13-14-58-47/img/image_15.png 129.710759 7.796815 -5.854401 [493.569128, 232.552324]
/mnt/gpid07/users/morros/VFOA/TRAYECTORIAS2020_03_13/M2020-03-13-14-58-47/img/image_16.png 123.559499 7.484113 -5.428044 [440.950897, 257.710266]
/mnt/gpid07/users/morros/VFOA/TRAYECTORIAS2020_03_13/M2020-03-13-14-58-47/img/image_17.png 117.034286 7.079239 -5.402580 [414.252197, 269.655487]
/mnt/gpid07/users/morros/VFOA/TRAYECTORIAS2020_03_13/M2020-03-13-14-58-47/img/image_18.png 107.373317 7.134039 -5.177709 [392.723419, 273.770386]
/mnt/gpid07/users/morros/VFOA/TRAYECTORIAS2020_03_13/M2020-03-13-14-58-47/img/image_19.png 96.667631 5.664737 -5.609288 [381.130371, 268.405701]
/mnt/gpid07/users/morros/VFOA/TRAYECTORIAS2020_03_13/M2020-03-13-14-58-47/img/image_20.png 89.302458 4.374322 -5.914200 [373.161224, 259.743652]
/mnt/gpid07/users/morros/VFOA/TRAYECTORIAS2020_03_13/M2020-03-13-14-58-47/img/image_21.png 81.354094 2.268228 -4.940595 [367.739807, 250.760162]
/mnt/gpid07/users/morros/VFOA/TRAYECTORIAS2020_03_13/M2020-03-13-14-58-47/img/image_22.png 79.231470 2.062490 -4.241579 [367.906616, 241.710876]
/mnt/gpid07/users/morros/VFOA/TRAYECTORIAS2020_03_13/M2020-03-13-14-58-47/img/image_23.png 80.343757 2.333552 -3.997364 [365.403412, 238.314056]
/mnt/gpid07/users/morros/VFOA/TRAYECTORIAS2020_03_13/M2020-03-13-14-58-47/img/image_24.png 77.484006 3.727701 -4.039625 [358.745117, 237.184341]
/mnt/gpid07/users/morros/VFOA/TRAYECTORIAS2020_03_13/M2020-03-13-14-58-47/img/image_25.png 74.226077 3.236387 -2.502036 [347.521698, 232.694519]
/mnt/gpid07/users/morros/VFOA/TRAYECTORIAS2020_03_13/M2020-03-13-14-58-47/img/image_26.png 68.199933 4.344670 -1.514822 [346.353705, 232.211936]
/mnt/gpid07/users/morros/VFOA/TRAYECTORIAS2020_03_13/M2020-03-13-14-58-47/img/image_27.png 66.330064 5.340717 -1.050816 [320.056, 219.735184]
/mnt/gpid07/users/morros/VFOA/TRAYECTORIAS2020_03_13/M2020-03-13-14-58-47/img/image_28.png 66.195480 6.505951 -0.550736 [307.085449, 217.827621]
/mnt/gpid07/users/morros/VFOA/TRAYECTORIAS2020_03_13/M2020-03-13-14-58-47/img/image_29.png 68.356259 6.913946 -0.807321 [303.026428, 221.650391]
/mnt/gpid07/users/morros/VFOA/TRAYECTORIAS2020_03_13/M2020-03-13-14-58-47/img/image_30.png 76.061298 5.965182 -1.352227 [308.631439, 230.301865]
/mnt/gpid07/users/morros/VFOA/TRAYECTORIAS2020_03_13/M2020-03-13-14-58-47/img/image_31.png 81.134188 5.246217 -2.203577 [318.226318, 242.186523]
/mnt/gpid07/users/morros/VFOA/TRAYECTORIAS2020_03_13/M2020-03-13-14-58-47/img/image_32.png 84.416475 5.465340 -2.561975 [332.063751, 251.379883]
/mnt/gpid07/users/morros/VFOA/TRAYECTORIAS2020_03_13/M2020-03-13-14-58-47/img/image_33.png 88.585668 4.695914 -3.303764 [343.279999, 260.107605]
/mnt/gpid07/users/morros/VFOA/TRAYECTORIAS2020_03_13/M2020-03-13-14-58-47/img/image_34.png 92.324732 5.442219 -3.444594 [350.711639, 265.58252]
/mnt/gpid07/users/morros/VFOA/TRAYECTORIAS2020_03_13/M2020-03-13-14-58-47/img/image_35.png 96.659281 4.754777 -3.074314 [355.347107, 267.258911]
/mnt/gpid07/users/morros/VFOA/TRAYECTORIAS2020_03_13/M2020-03-13-14-58-47/img/image_36.png 101.400167 5.089305 -2.359487 [359.816864, 268.320251]
/mnt/gpid07/users/morros/VFOA/TRAYECTORIAS2020_03_13/M2020-03-13-14-58-47/img/image_37.png 109.286322 5.221206 -2.314898 [357.176086, 262.190521]
/mnt/gpid07/users/morros/VFOA/TRAYECTORIAS2020_03_13/M2020-03-13-14-58-47/img/image_38.png 118.667941 5.742238 -0.969218 [351.683899, 256.981445]
/mnt/gpid07/users/morros/VFOA/TRAYECTORIAS2020_03_13/M2020-03-13-14-58-47/img/image_39.png 128.530912 6.352700 0.523302 [341.488861, 251.025604]
/mnt/gpid07/users/morros/VFOA/TRAYECTORIAS2020_03_13/M2020-03-13-14-58-47/img/image_40.png 137.371453 6.000412 0.628380 [331.623474, 243.283066]
/mnt/gpid07/users/morros/VFOA/TRAYECTORIAS2020_03_13/M2020-03-13-14-58-47/img/image_41.png 145.736909 5.541296 0.303552 [323.534088, 236.817947]
/mnt/gpid07/users/morros/VFOA/TRAYECTORIAS2020_03_13/M2020-03-13-14-58-47/img/image_42.png 154.149348 6.249403 -0.083976 [323.078827, 231.481506]
/mnt/gpid07/users/morros/VFOA/TRAYECTORIAS2020_03_13/M2020-03-13-14-58-47/img/image_43.png 157.087944 7.481459 -0.437539 [323.109642, 230.959149]
/mnt/gpid07/users/morros/VFOA/TRAYECTORIAS2020_03_13/M2020-03-13-14-58-47/img/image_44.png 158.498343 7.271074 -1.121837 [351.312286, 224.493042]
/mnt/gpid07/users/morros/VFOA/TRAYECTORIAS2020_03_13/M2020-03-13-14-58-47/img/image_45.png 163.032436 6.682817 -1.376544 [369.246796, 222.900482]
/mnt/gpid07/users/morros/VFOA/TRAYECTORIAS2020_03_13/M2020-03-13-14-58-47/img/image_46.png 166.794856 7.134678 -1.559995 [370.937565, 222.789962]
/mnt/gpid07/users/morros/VFOA/TRAYECTORIAS2020_03_13/M2020-03-13-14-58-47/img/image_48.png 179.409213 9.059030 -0.934422 [406.011597, 220.153015]
/mnt/gpid07/users/morros/VFOA/TRAYECTORIAS2020_03_13/M2020-03-13-14-58-47/img/image_49.png -170.132065 9.234534 0.005009 [409.868943, 219.862499]
/mnt/gpid07/users/morros/VFOA/TRAYECTORIAS2020_03_13/M2020-03-13-14-58-47/img/image_50.png -160.216129 9.868685 0.355841 [409.942578, 219.856949]
/mnt/gpid07/users/morros/VFOA/TRAYECTORIAS2020_03_13/M2020-03-13-14-58-47/img/image_51.png -145.063387 9.282379 0.521049 [397.148834, 237.936951]
/mnt/gpid07/users/morros/VFOA/TRAYECTORIAS2020_03_13/M2020-03-13-14-58-47/img/image_52.png -130.565921 7.799035 0.127737 [391.585083, 248.843887]
/mnt/gpid07/users/morros/VFOA/TRAYECTORIAS2020_03_13/M2020-03-13-14-58-47/img/image_53.png -118.853765 5.754224 -1.209845 [389.263489, 258.814819]
/mnt/gpid07/users/morros/VFOA/TRAYECTORIAS2020_03_13/M2020-03-13-14-58-47/img/image_54.png -116.209025 6.539716 -2.169575 [389.997955, 257.482849]
/mnt/gpid07/users/morros/VFOA/TRAYECTORIAS2020_03_13/M2020-03-13-14-58-47/img/image_55.png -118.358506 7.443993 -2.259485 [392.843933, 248.542953]
/mnt/gpid07/users/morros/VFOA/TRAYECTORIAS2020_03_13/M2020-03-13-14-58-47/img/image_56.png -120.491897 7.713891 -1.907174 [398.186401, 232.649719]
/mnt/gpid07/users/morros/VFOA/TRAYECTORIAS2020_03_13/M2020-03-13-14-58-47/img/image_57.png -122.464193 8.111645 -2.774785 [405.395264, 214.892487]
/mnt/gpid07/users/morros/VFOA/TRAYECTORIAS2020_03_13/M2020-03-13-14-58-47/img/image_58.png -120.697559 8.228838 -2.907170 [399.706726, 200.810806]
/mnt/gpid07/users/morros/VFOA/TRAYECTORIAS2020_03_13/M2020-03-13-14-58-47/img/image_59.png -113.635553 8.943204 -2.206385 [401.661316, 192.969681]
/mnt/gpid07/users/morros/VFOA/TRAYECTORIAS2020_03_13/M2020-03-13-14-58-47/img/image_60.png -100.754647 7.995257 -1.307585 [405.328033, 189.413696]
/mnt/gpid07/users/morros/VFOA/TRAYECTORIAS2020_03_13/M2020-03-13-14-58-47/img/image_61.png -86.710822 6.569785 -0.495586 [415.47113, 193.800278]
/mnt/gpid07/users/morros/VFOA/TRAYECTORIAS2020_03_13/M2020-03-13-14-58-47/img/image_62.png -73.973263 7.251397 -0.177293 [427.71344, 201.81102]
/mnt/gpid07/users/morros/VFOA/TRAYECTORIAS2020_03_13/M2020-03-13-14-58-47/img/image_63.png -58.555024 7.660577 -0.712486 [437.953583, 209.234039]
/mnt/gpid07/users/morros/VFOA/TRAYECTORIAS2020_03_13/M2020-03-13-14-58-47/img/image_64.png -47.881030 6.800100 -2.338213 [450.822906, 216.162643]
/mnt/gpid07/users/morros/VFOA/TRAYECTORIAS2020_03_13/M2020-03-13-14-58-47/img/image_65.png -40.319398 6.300877 -2.945947 [463.105713, 225.018631]
/mnt/gpid07/users/morros/VFOA/TRAYECTORIAS2020_03_13/M2020-03-13-14-58-47/img/image_66.png -34.419537 7.239230 -2.243757 [469.79425, 229.461746]
/mnt/gpid07/users/morros/VFOA/TRAYECTORIAS2020_03_13/M2020-03-13-14-58-47/img/image_67.png -28.839269 7.504210 -1.847903 [470.610382, 225.377853]
/mnt/gpid07/users/morros/VFOA/TRAYECTORIAS2020_03_13/M2020-03-13-14-58-47/img/image_68.png -21.134954 7.655270 -1.849749 [470.633271, 224.884194]
/mnt/gpid07/users/morros/VFOA/TRAYECTORIAS2020_03_13/M2020-03-13-14-58-47/img/image_69.png -9.508680 7.523576 -1.778207 [450.626251, 209.485733]
/mnt/gpid07/users/morros/VFOA/TRAYECTORIAS2020_03_13/M2020-03-13-14-58-47/img/image_70.png -0.822211 7.187471 -1.085302 [436.713135, 204.84137]
/mnt/gpid07/users/morros/VFOA/TRAYECTORIAS2020_03_13/M2020-03-13-14-58-47/img/image_71.png 4.535447 7.378449 -0.741907 [430.459808, 200.754822]
/mnt/gpid07/users/morros/VFOA/TRAYECTORIAS2020_03_13/M2020-03-13-14-58-47/img/image_72.png 11.066930 6.465402 0.853280 [431.19812, 195.338455]
/mnt/gpid07/users/morros/VFOA/TRAYECTORIAS2020_03_13/M2020-03-13-14-58-47/img/image_73.png 14.392164 5.926087 1.732866 [441.540894, 187.826614]
/mnt/gpid07/users/morros/VFOA/TRAYECTORIAS2020_03_13/M2020-03-13-14-58-47/img/image_74.png 19.329512 6.352020 1.380086 [453.133209, 181.608566]
/mnt/gpid07/users/morros/VFOA/TRAYECTORIAS2020_03_13/M2020-03-13-14-58-47/img/image_75.png 27.462253 5.976405 -0.322336 [466.070038, 176.582428]
/mnt/gpid07/users/morros/VFOA/TRAYECTORIAS2020_03_13/M2020-03-13-14-58-47/img/image_76.png 34.896654 5.333658 -2.063431 [479.814087, 172.140564]
/mnt/gpid07/users/morros/VFOA/TRAYECTORIAS2020_03_13/M2020-03-13-14-58-47/img/image_77.png 40.027695 5.747120 -3.468436 [492.849945, 168.49173]
/mnt/gpid07/users/morros/VFOA/TRAYECTORIAS2020_03_13/M2020-03-13-14-58-47/img/image_78.png 40.023502 5.954324 -3.274461 [501.78418, 166.25827]
/mnt/gpid07/users/morros/VFOA/TRAYECTORIAS2020_03_13/M2020-03-13-14-58-47/img/image_79.png 35.774801 7.445225 -4.249843 [501.950317, 171.98143]
/mnt/gpid07/users/morros/VFOA/TRAYECTORIAS2020_03_13/M2020-03-13-14-58-47/img/image_80.png 30.428967 8.584554 -3.883666 [497.907318, 185.209564]
/mnt/gpid07/users/morros/VFOA/TRAYECTORIAS2020_03_13/M2020-03-13-14-58-47/img/image_81.png 24.216196 10.926479 -3.269806 [495.116974, 201.0914]
/mnt/gpid07/users/morros/VFOA/TRAYECTORIAS2020_03_13/M2020-03-13-14-58-47/img/image_82.png 20.142537 10.741382 -3.677106 [493.036255, 215.342133]
/mnt/gpid07/users/morros/VFOA/TRAYECTORIAS2020_03_13/M2020-03-13-14-58-47/img/image_83.png 16.718730 9.762450 -2.849286 [490.351685, 224.399078]
/mnt/gpid07/users/morros/VFOA/TRAYECTORIAS2020_03_13/M2020-03-13-14-58-47/img/image_84.png 15.329501 9.137312 -2.907288 [492.567322, 226.22081]
/mnt/gpid07/users/morros/VFOA/TRAYECTORIAS2020_03_13/M2020-03-13-14-58-47/img/image_85.png 17.123284 9.759451 -3.811076 [497.532654, 223.757507]
/mnt/gpid07/users/morros/VFOA/TRAYECTORIAS2020_03_13/M2020-03-13-14-58-47/img/image_86.png 19.054918 12.500973 -3.752970 [517.527771, 201.905289]
/mnt/gpid07/users/morros/VFOA/TRAYECTORIAS2020_03_13/M2020-03-13-14-58-47/img/image_87.png 19.918376 14.121909 -2.332987 [536.359741, 186.770355]
/mnt/gpid07/users/morros/VFOA/TRAYECTORIAS2020_03_13/M2020-03-13-14-58-47/img/image_88.png 17.387987 8.205705 -5.159630 [557.844482, 178.028412]
