/mnt/gpid07/users/morros/VFOA/TRAYECTORIAS2020_03_13/M2020-03-13-10-29-59/img/image_74.png -156.462068 -2.519333 -5.161910 [581.719849, 253.782471]
/mnt/gpid07/users/morros/VFOA/TRAYECTORIAS2020_03_13/M2020-03-13-10-29-59/img/image_75.png -161.840544 -4.547126 -5.682113 [562.8396, 248.677887]
/mnt/gpid07/users/morros/VFOA/TRAYECTORIAS2020_03_13/M2020-03-13-10-29-59/img/image_76.png -167.653128 -5.444053 -5.503858 [542.245972, 246.181702]
/mnt/gpid07/users/morros/VFOA/TRAYECTORIAS2020_03_13/M2020-03-13-10-29-59/img/image_77.png -174.608959 -5.265600 -4.866483 [523.749207, 248.947693]
/mnt/gpid07/users/morros/VFOA/TRAYECTORIAS2020_03_13/M2020-03-13-10-29-59/img/image_78.png -179.946685 -5.008103 -4.417377 [500.071381, 259.158356]
/mnt/gpid07/users/morros/VFOA/TRAYECTORIAS2020_03_13/M2020-03-13-10-29-59/img/image_79.png 174.407136 -4.435179 -3.540516 [477.704468, 273.144867]
/mnt/gpid07/users/morros/VFOA/TRAYECTORIAS2020_03_13/M2020-03-13-10-29-59/img/image_80.png 167.545513 -4.470456 -2.247235 [457.814972, 286.866119]
/mnt/gpid07/users/morros/VFOA/TRAYECTORIAS2020_03_13/M2020-03-13-10-29-59/img/image_81.png 159.952579 -3.707277 -2.368364 [439.639679, 294.265961]
/mnt/gpid07/users/morros/VFOA/TRAYECTORIAS2020_03_13/M2020-03-13-10-29-59/img/image_82.png 153.771415 -3.450164 -3.730512 [436.008484, 294.519073]
/mnt/gpid07/users/morros/VFOA/TRAYECTORIAS2020_03_13/M2020-03-13-10-29-59/img/image_83.png 157.717542 -1.331630 -3.914713 [436.535461, 289.933777]
/mnt/gpid07/users/morros/VFOA/TRAYECTORIAS2020_03_13/M2020-03-13-10-29-59/img/image_84.png 168.499996 -2.511751 -2.571399 [433.848267, 274.01947]
/mnt/gpid07/users/morros/VFOA/TRAYECTORIAS2020_03_13/M2020-03-13-10-29-59/img/image_85.png 172.219727 -8.031531 -2.804261 [427.483856, 257.36496]
/mnt/gpid07/users/morros/VFOA/TRAYECTORIAS2020_03_13/M2020-03-13-10-29-59/img/image_86.png 174.979668 -13.208306 -3.727448 [416.409454, 247.941071]
/mnt/gpid07/users/morros/VFOA/TRAYECTORIAS2020_03_13/M2020-03-13-10-29-59/img/image_87.png 177.998173 -16.282954 -3.512458 [400.819458, 247.831955]
/mnt/gpid07/users/morros/VFOA/TRAYECTORIAS2020_03_13/M2020-03-13-10-29-59/img/image_88.png -179.876568 -19.570808 -3.167204 [380.959869, 254.065231]
/mnt/gpid07/users/morros/VFOA/TRAYECTORIAS2020_03_13/M2020-03-13-10-29-59/img/image_89.png -178.571047 -22.884578 -3.084401 [357.60083, 263.935364]
/mnt/gpid07/users/morros/VFOA/TRAYECTORIAS2020_03_13/M2020-03-13-10-29-59/img/image_90.png -176.859926 -26.239652 -3.272102 [333.188873, 272.313751]
/mnt/gpid07/users/morros/VFOA/TRAYECTORIAS2020_03_13/M2020-03-13-10-29-59/img/image_91.png -176.823838 -28.874568 -2.673747 [312.245758, 278.629852]
/mnt/gpid07/users/morros/VFOA/TRAYECTORIAS2020_03_13/M2020-03-13-10-29-59/img/image_92.png -176.482235 -29.944147 -2.518798 [299.467224, 279.601471]
/mnt/gpid07/users/morros/VFOA/TRAYECTORIAS2020_03_13/M2020-03-13-10-29-59/img/image_93.png -176.921188 -28.818755 -3.014962 [294.350586, 278.946228]
/mnt/gpid07/users/morros/VFOA/TRAYECTORIAS2020_03_13/M2020-03-13-10-29-59/img/image_94.png -178.247937 -27.370675 -2.693368 [301.219299, 273.106506]
/mnt/gpid07/users/morros/VFOA/TRAYECTORIAS2020_03_13/M2020-03-13-10-29-59/img/image_95.png -178.910674 -22.907417 -2.360228 [310.086456, 270.335144]
/mnt/gpid07/users/morros/VFOA/TRAYECTORIAS2020_03_13/M2020-03-13-10-29-59/img/image_96.png 179.680911 -16.714644 -1.829710 [327.13382, 268.150696]
/mnt/gpid07/users/morros/VFOA/TRAYECTORIAS2020_03_13/M2020-03-13-10-29-59/img/image_97.png -180.042679 -10.591336 -2.419758 [345.782623, 265.774414]
/mnt/gpid07/users/morros/VFOA/TRAYECTORIAS2020_03_13/M2020-03-13-10-29-59/img/image_98.png 176.845252 -7.368677 -2.823999 [364.813721, 263.080902]
/mnt/gpid07/users/morros/VFOA/TRAYECTORIAS2020_03_13/M2020-03-13-10-29-59/img/image_99.png 170.116406 -6.645899 -2.601965 [377.815186, 262.356506]
/mnt/gpid07/users/morros/VFOA/TRAYECTORIAS2020_03_13/M2020-03-13-10-29-59/img/image_100.png 158.205588 -6.895844 -3.278941 [377.187256, 263.09903]
/mnt/gpid07/users/morros/VFOA/TRAYECTORIAS2020_03_13/M2020-03-13-10-29-59/img/image_101.png 142.263129 -6.136740 -3.580802 [373.547974, 272.869629]
/mnt/gpid07/users/morros/VFOA/TRAYECTORIAS2020_03_13/M2020-03-13-10-29-59/img/image_102.png 131.457137 -6.337703 -2.969202 [360.387817, 283.022949]
/mnt/gpid07/users/morros/VFOA/TRAYECTORIAS2020_03_13/M2020-03-13-10-29-59/img/image_103.png 119.026043 -8.419210 -3.557513 [345.372833, 290.738281]
/mnt/gpid07/users/morros/VFOA/TRAYECTORIAS2020_03_13/M2020-03-13-10-29-59/img/image_104.png 105.275038 -8.499270 -5.724696 [337.827576, 287.663696]
/mnt/gpid07/users/morros/VFOA/TRAYECTORIAS2020_03_13/M2020-03-13-10-29-59/img/image_105.png 96.518738 -5.541960 -7.062871 [343.338196, 293.699982]
/mnt/gpid07/users/morros/VFOA/TRAYECTORIAS2020_03_13/M2020-03-13-10-29-59/img/image_106.png 89.420947 -5.511870 -7.591388 [344.019817, 294.394719]
/mnt/gpid07/users/morros/VFOA/TRAYECTORIAS2020_03_13/M2020-03-13-10-29-59/img/image_107.png 81.268524 -6.935976 -8.328030 [344.039689, 294.410777]
/mnt/gpid07/users/morros/VFOA/TRAYECTORIAS2020_03_13/M2020-03-13-10-29-59/img/image_108.png 74.763637 -8.921032 -8.663411 [344.035058, 294.405596]
/mnt/gpid07/users/morros/VFOA/TRAYECTORIAS2020_03_13/M2020-03-13-10-29-59/img/image_109.png 70.331964 -9.137587 -8.259418 [344.03435, 294.404866]
/mnt/gpid07/users/morros/VFOA/TRAYECTORIAS2020_03_13/M2020-03-13-10-29-59/img/image_110.png 63.080479 -10.273195 -7.355452 [399.809113, 332.725586]
/mnt/gpid07/users/morros/VFOA/TRAYECTORIAS2020_03_13/M2020-03-13-10-29-59/img/image_111.png 59.124942 -7.561699 -5.388957 [405.944343, 336.940872]
/mnt/gpid07/users/morros/VFOA/TRAYECTORIAS2020_03_13/M2020-03-13-10-29-59/img/image_112.png 56.955228 -6.341440 -3.931471 [406.061471, 337.021347]
/mnt/gpid07/users/morros/VFOA/TRAYECTORIAS2020_03_13/M2020-03-13-10-29-59/img/image_113.png 57.905421 -5.055556 -1.809559 [369.771606, 288.326202]
/mnt/gpid07/users/morros/VFOA/TRAYECTORIAS2020_03_13/M2020-03-13-10-29-59/img/image_114.png 61.559020 -5.092869 0.866876 [360.858154, 271.156891]
/mnt/gpid07/users/morros/VFOA/TRAYECTORIAS2020_03_13/M2020-03-13-10-29-59/img/image_115.png 65.162114 -3.495612 3.281312 [358.028229, 259.250854]
/mnt/gpid07/users/morros/VFOA/TRAYECTORIAS2020_03_13/M2020-03-13-10-29-59/img/image_116.png 74.171371 -1.807801 4.080149 [354.588165, 255.34169]
/mnt/gpid07/users/morros/VFOA/TRAYECTORIAS2020_03_13/M2020-03-13-10-29-59/img/image_117.png 82.215268 -2.350982 2.203496 [356.077026, 257.829346]
/mnt/gpid07/users/morros/VFOA/TRAYECTORIAS2020_03_13/M2020-03-13-10-29-59/img/image_118.png 91.857879 -1.744401 0.352488 [363.136841, 264.274353]
/mnt/gpid07/users/morros/VFOA/TRAYECTORIAS2020_03_13/M2020-03-13-10-29-59/img/image_119.png 99.765475 -2.135757 -1.570316 [363.898532, 264.958427]
/mnt/gpid07/users/morros/VFOA/TRAYECTORIAS2020_03_13/M2020-03-13-10-29-59/img/image_120.png 106.874172 -3.217260 -2.595800 [384.528473, 288.255066]
/mnt/gpid07/users/morros/VFOA/TRAYECTORIAS2020_03_13/M2020-03-13-10-29-59/img/image_121.png 105.910149 -3.575355 -2.630394 [393.975311, 297.342194]
/mnt/gpid07/users/morros/VFOA/TRAYECTORIAS2020_03_13/M2020-03-13-10-29-59/img/image_122.png 95.990846 -3.853849 -2.171999 [398.112366, 307.852539]
/mnt/gpid07/users/morros/VFOA/TRAYECTORIAS2020_03_13/M2020-03-13-10-29-59/img/image_123.png 76.091562 -4.867277 -3.069944 [401.670715, 315.31488]
/mnt/gpid07/users/morros/VFOA/TRAYECTORIAS2020_03_13/M2020-03-13-10-29-59/img/image_124.png 62.287946 -4.301330 -2.703709 [406.30014, 319.185852]
/mnt/gpid07/users/morros/VFOA/TRAYECTORIAS2020_03_13/M2020-03-13-10-29-59/img/image_125.png 47.933909 -4.336097 -3.763242 [407.412933, 314.587982]
/mnt/gpid07/users/morros/VFOA/TRAYECTORIAS2020_03_13/M2020-03-13-10-29-59/img/image_126.png 37.364399 -4.603043 -3.594306 [407.489046, 314.043507]
/mnt/gpid07/users/morros/VFOA/TRAYECTORIAS2020_03_13/M2020-03-13-10-29-59/img/image_127.png 32.136270 -5.176975 -2.923124 [409.596863, 284.519958]
/mnt/gpid07/users/morros/VFOA/TRAYECTORIAS2020_03_13/M2020-03-13-10-29-59/img/image_128.png 27.312026 -5.371957 -2.069167 [410.541992, 266.266083]
/mnt/gpid07/users/morros/VFOA/TRAYECTORIAS2020_03_13/M2020-03-13-10-29-59/img/image_129.png 22.721131 -5.681667 -2.115011 [414.305145, 251.642029]
/mnt/gpid07/users/morros/VFOA/TRAYECTORIAS2020_03_13/M2020-03-13-10-29-59/img/image_130.png 19.780762 -5.862822 -1.614498 [416.995239, 242.231155]
/mnt/gpid07/users/morros/VFOA/TRAYECTORIAS2020_03_13/M2020-03-13-10-29-59/img/image_131.png 18.551565 -5.462120 -1.714616 [420.856171, 236.319244]
/mnt/gpid07/users/morros/VFOA/TRAYECTORIAS2020_03_13/M2020-03-13-10-29-59/img/image_132.png 17.703577 -5.339425 -2.363445 [421.074371, 237.37561]
/mnt/gpid07/users/morros/VFOA/TRAYECTORIAS2020_03_13/M2020-03-13-10-29-59/img/image_133.png 17.379301 -5.915236 -3.003909 [423.595459, 245.553024]
/mnt/gpid07/users/morros/VFOA/TRAYECTORIAS2020_03_13/M2020-03-13-10-29-59/img/image_134.png 18.242561 -6.493170 -3.193772 [425.61087, 254.502075]
/mnt/gpid07/users/morros/VFOA/TRAYECTORIAS2020_03_13/M2020-03-13-10-29-59/img/image_135.png 20.182394 -6.258175 -3.845578 [426.91864, 265.813446]
/mnt/gpid07/users/morros/VFOA/TRAYECTORIAS2020_03_13/M2020-03-13-10-29-59/img/image_136.png 20.861276 -6.531477 -5.026216 [427.042341, 266.968206]
/mnt/gpid07/users/morros/VFOA/TRAYECTORIAS2020_03_13/M2020-03-13-10-29-59/img/image_137.png 17.501783 -9.768284 -7.621361 [431.070557, 291.823242]
/mnt/gpid07/users/morros/VFOA/TRAYECTORIAS2020_03_13/M2020-03-13-10-29-59/img/image_138.png 8.275291 -14.887388 -9.345442 [437.764526, 306.674561]
/mnt/gpid07/users/morros/VFOA/TRAYECTORIAS2020_03_13/M2020-03-13-10-29-59/img/image_139.png 1.734424 -16.698376 -9.280075 [442.196503, 320.326538]
/mnt/gpid07/users/morros/VFOA/TRAYECTORIAS2020_03_13/M2020-03-13-10-29-59/img/image_140.png -9.387843 -19.173373 -8.641685 [442.198944, 320.47699]
/mnt/gpid07/users/morros/VFOA/TRAYECTORIAS2020_03_13/M2020-03-13-10-29-59/img/image_141.png -16.206610 -22.864888 -7.498793 [453.429291, 316.356689]
/mnt/gpid07/users/morros/VFOA/TRAYECTORIAS2020_03_13/M2020-03-13-10-29-59/img/image_142.png -20.056135 -27.594121 -6.821429 [454.664604, 315.901952]
/mnt/gpid07/users/morros/VFOA/TRAYECTORIAS2020_03_13/M2020-03-13-10-29-59/img/image_143.png -20.268271 -32.798701 -6.829006 [482.101257, 317.298737]
/mnt/gpid07/users/morros/VFOA/TRAYECTORIAS2020_03_13/M2020-03-13-10-29-59/img/image_144.png -20.604166 -36.592611 -6.676403 [485.106936, 317.45693]
/mnt/gpid07/users/morros/VFOA/TRAYECTORIAS2020_03_13/M2020-03-13-10-29-59/img/image_145.png -20.894837 -40.634586 -6.361251 [485.163194, 317.460364]
/mnt/gpid07/users/morros/VFOA/TRAYECTORIAS2020_03_13/M2020-03-13-10-29-59/img/image_152.png 3.325480 -10.895024 -6.118884 [483.749146, 314.847961]
/mnt/gpid07/users/morros/VFOA/TRAYECTORIAS2020_03_13/M2020-03-13-10-29-59/img/image_153.png 9.467250 -4.690363 -5.253729 [465.830566, 311.357513]
/mnt/gpid07/users/morros/VFOA/TRAYECTORIAS2020_03_13/M2020-03-13-10-29-59/img/image_154.png 17.123583 -1.096232 -4.399214 [444.221893, 308.795502]
/mnt/gpid07/users/morros/VFOA/TRAYECTORIAS2020_03_13/M2020-03-13-10-29-59/img/image_155.png 21.659432 0.386650 -4.914463 [425.531586, 313.190826]
/mnt/gpid07/users/morros/VFOA/TRAYECTORIAS2020_03_13/M2020-03-13-10-29-59/img/image_156.png 24.139847 0.007976 -6.624220 [414.014252, 321.606567]
/mnt/gpid07/users/morros/VFOA/TRAYECTORIAS2020_03_13/M2020-03-13-10-29-59/img/image_157.png 25.016278 0.070305 -6.677497 [409.413483, 332.642395]
/mnt/gpid07/users/morros/VFOA/TRAYECTORIAS2020_03_13/M2020-03-13-10-29-59/img/image_158.png 26.297424 0.494487 -5.425981 [401.225128, 330.89151]
/mnt/gpid07/users/morros/VFOA/TRAYECTORIAS2020_03_13/M2020-03-13-10-29-59/img/image_159.png 28.541352 1.026374 -3.801899 [400.052582, 324.730103]
/mnt/gpid07/users/morros/VFOA/TRAYECTORIAS2020_03_13/M2020-03-13-10-29-59/img/image_160.png 31.406806 -0.668922 -2.424541 [399.192688, 309.392822]
/mnt/gpid07/users/morros/VFOA/TRAYECTORIAS2020_03_13/M2020-03-13-10-29-59/img/image_161.png 34.506247 -2.366882 -2.176602 [401.513214, 289.681152]
/mnt/gpid07/users/morros/VFOA/TRAYECTORIAS2020_03_13/M2020-03-13-10-29-59/img/image_162.png 42.040206 -3.692829 -0.340720 [404.893646, 271.812469]
/mnt/gpid07/users/morros/VFOA/TRAYECTORIAS2020_03_13/M2020-03-13-10-29-59/img/image_163.png 51.647628 -3.731707 -0.291820 [410.663116, 255.89476]
/mnt/gpid07/users/morros/VFOA/TRAYECTORIAS2020_03_13/M2020-03-13-10-29-59/img/image_164.png 63.027895 -2.174815 0.076224 [415.304199, 250.311752]
/mnt/gpid07/users/morros/VFOA/TRAYECTORIAS2020_03_13/M2020-03-13-10-29-59/img/image_165.png 75.445025 -2.761870 -0.632270 [420.070374, 254.679459]
/mnt/gpid07/users/morros/VFOA/TRAYECTORIAS2020_03_13/M2020-03-13-10-29-59/img/image_166.png 88.508503 -3.078131 -1.286292 [420.548242, 255.215736]
/mnt/gpid07/users/morros/VFOA/TRAYECTORIAS2020_03_13/M2020-03-13-10-29-59/img/image_167.png 99.660174 -4.628842 -3.362079 [420.553146, 255.23105]
/mnt/gpid07/users/morros/VFOA/TRAYECTORIAS2020_03_13/M2020-03-13-10-29-59/img/image_168.png 110.039856 -3.769018 -3.396454 [420.548906, 255.227372]
/mnt/gpid07/users/morros/VFOA/TRAYECTORIAS2020_03_13/M2020-03-13-10-29-59/img/image_169.png 118.750129 -2.682928 -2.376862 [445.810242, 310.236328]
/mnt/gpid07/users/morros/VFOA/TRAYECTORIAS2020_03_13/M2020-03-13-10-29-59/img/image_170.png 123.810517 -2.127567 -1.258777 [437.566101, 316.822693]
/mnt/gpid07/users/morros/VFOA/TRAYECTORIAS2020_03_13/M2020-03-13-10-29-59/img/image_171.png 128.904945 -3.573632 -0.648953 [422.292511, 320.057037]
/mnt/gpid07/users/morros/VFOA/TRAYECTORIAS2020_03_13/M2020-03-13-10-29-59/img/image_172.png 136.931599 -3.841487 0.650077 [402.507874, 317.43634]
/mnt/gpid07/users/morros/VFOA/TRAYECTORIAS2020_03_13/M2020-03-13-10-29-59/img/image_173.png 145.292925 -5.061172 2.115038 [380.876343, 314.054535]
/mnt/gpid07/users/morros/VFOA/TRAYECTORIAS2020_03_13/M2020-03-13-10-29-59/img/image_174.png 153.343186 -10.745253 0.537479 [359.496552, 314.131042]
/mnt/gpid07/users/morros/VFOA/TRAYECTORIAS2020_03_13/M2020-03-13-10-29-59/img/image_175.png 161.899238 -12.167963 -0.198922 [347.184357, 308.87146]
/mnt/gpid07/users/morros/VFOA/TRAYECTORIAS2020_03_13/M2020-03-13-10-29-59/img/image_176.png 170.255131 -15.129442 -2.482360 [340.027222, 295.145721]
/mnt/gpid07/users/morros/VFOA/TRAYECTORIAS2020_03_13/M2020-03-13-10-29-59/img/image_177.png 175.298441 -16.607889 -3.797202 [338.377777, 283.928375]
/mnt/gpid07/users/morros/VFOA/TRAYECTORIAS2020_03_13/M2020-03-13-10-29-59/img/image_178.png -175.287853 -15.675889 -5.696144 [338.266907, 271.288635]
/mnt/gpid07/users/morros/VFOA/TRAYECTORIAS2020_03_13/M2020-03-13-10-29-59/img/image_179.png -172.930070 -13.747708 -6.863371 [344.890991, 264.461884]
/mnt/gpid07/users/morros/VFOA/TRAYECTORIAS2020_03_13/M2020-03-13-10-29-59/img/image_180.png -175.194837 -12.923167 -7.315254 [352.426514, 259.569031]
/mnt/gpid07/users/morros/VFOA/TRAYECTORIAS2020_03_13/M2020-03-13-10-29-59/img/image_181.png -179.898096 -15.213149 -5.250060 [345.551056, 261.515656]
/mnt/gpid07/users/morros/VFOA/TRAYECTORIAS2020_03_13/M2020-03-13-10-29-59/img/image_182.png -179.303708 -16.003595 -4.298949 [325.078339, 269.452881]
/mnt/gpid07/users/morros/VFOA/TRAYECTORIAS2020_03_13/M2020-03-13-10-29-59/img/image_183.png -178.630418 -17.840517 -4.017186 [304.447235, 276.497559]
/mnt/gpid07/users/morros/VFOA/TRAYECTORIAS2020_03_13/M2020-03-13-10-29-59/img/image_184.png 179.390758 -22.835170 -3.617908 [283.148285, 280.20462]
/mnt/gpid07/users/morros/VFOA/TRAYECTORIAS2020_03_13/M2020-03-13-10-29-59/img/image_185.png 179.104366 -30.378143 -4.579947 [262.117004, 276.047089]
/mnt/gpid07/users/morros/VFOA/TRAYECTORIAS2020_03_13/M2020-03-13-10-29-59/img/image_186.png 179.133562 -39.324977 -5.712720 [260.016553, 275.55269]
/mnt/gpid07/users/morros/VFOA/TRAYECTORIAS2020_03_13/M2020-03-13-10-29-59/img/image_187.png 178.862908 -45.338528 -6.054601 [228.4617, 247.273376]
/mnt/gpid07/users/morros/VFOA/TRAYECTORIAS2020_03_13/M2020-03-13-10-29-59/img/image_191.png -169.791926 -27.395021 -12.397498 [221.555435, 237.474609]
/mnt/gpid07/users/morros/VFOA/TRAYECTORIAS2020_03_13/M2020-03-13-10-29-59/img/image_192.png -172.939346 -26.252932 -11.675502 [221.178988, 236.741903]
/mnt/gpid07/users/morros/VFOA/TRAYECTORIAS2020_03_13/M2020-03-13-10-29-59/img/image_193.png -177.429250 -28.293486 -9.531304 [221.171777, 236.727893]
/mnt/gpid07/users/morros/VFOA/TRAYECTORIAS2020_03_13/M2020-03-13-10-29-59/img/image_194.png -178.492012 -29.917504 -9.033733 [217.25087, 253.030609]
/mnt/gpid07/users/morros/VFOA/TRAYECTORIAS2020_03_13/M2020-03-13-10-29-59/img/image_195.png -178.961077 -32.458803 -10.601772 [216.819642, 254.824048]
/mnt/gpid07/users/morros/VFOA/TRAYECTORIAS2020_03_13/M2020-03-13-10-29-59/img/image_196.png -179.036987 -32.135157 -12.887951 [216.811416, 254.858299]
/mnt/gpid07/users/morros/VFOA/TRAYECTORIAS2020_03_13/M2020-03-13-10-29-59/img/image_197.png 179.522288 -32.086871 -12.264213 [216.814824, 254.844132]
/mnt/gpid07/users/morros/VFOA/TRAYECTORIAS2020_03_13/M2020-03-13-10-29-59/img/image_198.png 179.831757 -32.057808 -13.388701 [173.186447, 193.521957]
/mnt/gpid07/users/morros/VFOA/TRAYECTORIAS2020_03_13/M2020-03-13-10-29-59/img/image_200.png 174.553495 -32.338990 -11.171964 [147.327393, 180.019379]
/mnt/gpid07/users/morros/VFOA/TRAYECTORIAS2020_03_13/M2020-03-13-10-29-59/img/image_201.png 173.323262 -31.473680 -8.765636 [145.058795, 179.343531]
/mnt/gpid07/users/morros/VFOA/TRAYECTORIAS2020_03_13/M2020-03-13-10-29-59/img/image_202.png 173.295091 -33.554760 -7.309240 [113.589272, 198.317627]
/mnt/gpid07/users/morros/VFOA/TRAYECTORIAS2020_03_13/M2020-03-13-10-29-59/img/image_204.png 175.379495 -32.214322 -8.047245 [110.086719, 200.452125]
/mnt/gpid07/users/morros/VFOA/TRAYECTORIAS2020_03_13/M2020-03-13-10-29-59/img/image_205.png 177.377341 -27.368315 -8.716373 [91.486145, 198.657593]
/mnt/gpid07/users/morros/VFOA/TRAYECTORIAS2020_03_13/M2020-03-13-10-29-59/img/image_206.png 179.980004 -21.177351 -8.738408 [103.123116, 194.657471]
/mnt/gpid07/users/morros/VFOA/TRAYECTORIAS2020_03_13/M2020-03-13-10-29-59/img/image_207.png -177.585022 -13.598844 -8.431982 [104.589188, 194.235403]
/mnt/gpid07/users/morros/VFOA/TRAYECTORIAS2020_03_13/M2020-03-13-10-29-59/img/image_208.png -174.726175 -6.651987 -7.142033 [104.634086, 194.228976]
/mnt/gpid07/users/morros/VFOA/TRAYECTORIAS2020_03_13/M2020-03-13-10-29-59/img/image_209.png -171.640449 -3.228643 -6.259457 [153.769363, 198.477814]
/mnt/gpid07/users/morros/VFOA/TRAYECTORIAS2020_03_13/M2020-03-13-10-29-59/img/image_210.png -168.208661 -3.033770 -5.888595 [165.712234, 197.098053]
/mnt/gpid07/users/morros/VFOA/TRAYECTORIAS2020_03_13/M2020-03-13-10-29-59/img/image_211.png -163.550240 -5.133705 -6.375670 [175.416992, 195.632095]
/mnt/gpid07/users/morros/VFOA/TRAYECTORIAS2020_03_13/M2020-03-13-10-29-59/img/image_212.png -159.581565 -7.229316 -7.591139 [172.851624, 189.058868]
/mnt/gpid07/users/morros/VFOA/TRAYECTORIAS2020_03_13/M2020-03-13-10-29-59/img/image_213.png -158.614449 -9.249447 -8.602070 [172.472385, 188.350473]
/mnt/gpid07/users/morros/VFOA/TRAYECTORIAS2020_03_13/M2020-03-13-10-29-59/img/image_214.png -156.374024 -6.318027 -6.318575 [172.456323, 188.338282]
/mnt/gpid07/users/morros/VFOA/TRAYECTORIAS2020_03_13/M2020-03-13-10-29-59/img/image_215.png -150.462066 -3.946683 -4.732161 [179.95224, 193.807083]
/mnt/gpid07/users/morros/VFOA/TRAYECTORIAS2020_03_13/M2020-03-13-10-29-59/img/image_216.png -143.712965 -3.389313 -2.809631 [185.310089, 209.296661]
/mnt/gpid07/users/morros/VFOA/TRAYECTORIAS2020_03_13/M2020-03-13-10-29-59/img/image_217.png -137.714797 -3.468213 -2.472075 [188.20343, 227.896484]
/mnt/gpid07/users/morros/VFOA/TRAYECTORIAS2020_03_13/M2020-03-13-10-29-59/img/image_218.png -132.896901 -4.036577 -2.184562 [192.544144, 244.240326]
/mnt/gpid07/users/morros/VFOA/TRAYECTORIAS2020_03_13/M2020-03-13-10-29-59/img/image_219.png -129.459484 -4.494224 -2.017184 [195.668015, 259.564911]
/mnt/gpid07/users/morros/VFOA/TRAYECTORIAS2020_03_13/M2020-03-13-10-29-59/img/image_220.png -128.251182 -4.900249 -1.553736 [195.968233, 261.087177]
/mnt/gpid07/users/morros/VFOA/TRAYECTORIAS2020_03_13/M2020-03-13-10-29-59/img/image_221.png -130.949721 -5.361947 -1.570847 [195.970019, 261.10138]
/mnt/gpid07/users/morros/VFOA/TRAYECTORIAS2020_03_13/M2020-03-13-10-29-59/img/image_222.png -135.169347 -5.348779 -1.917959 [198.701706, 280.386688]
/mnt/gpid07/users/morros/VFOA/TRAYECTORIAS2020_03_13/M2020-03-13-10-29-59/img/image_223.png -143.190998 -4.574335 -2.605069 [199.002174, 282.50793]
/mnt/gpid07/users/morros/VFOA/TRAYECTORIAS2020_03_13/M2020-03-13-10-29-59/img/image_224.png -152.781041 -4.718844 -3.061100 [197.232208, 261.900726]
/mnt/gpid07/users/morros/VFOA/TRAYECTORIAS2020_03_13/M2020-03-13-10-29-59/img/image_225.png -162.683413 -4.212197 -3.760369 [200.546402, 248.29863]
/mnt/gpid07/users/morros/VFOA/TRAYECTORIAS2020_03_13/M2020-03-13-10-29-59/img/image_226.png -178.310205 -5.860045 -4.156830 [203.878052, 237.558868]
/mnt/gpid07/users/morros/VFOA/TRAYECTORIAS2020_03_13/M2020-03-13-10-29-59/img/image_227.png 169.675006 -6.256222 -4.174856 [203.129913, 237.507721]
/mnt/gpid07/users/morros/VFOA/TRAYECTORIAS2020_03_13/M2020-03-13-10-29-59/img/image_228.png 154.461645 -8.699385 -4.405681 [196.081192, 243.396683]
/mnt/gpid07/users/morros/VFOA/TRAYECTORIAS2020_03_13/M2020-03-13-10-29-59/img/image_229.png 138.124296 -11.743552 -4.885029 [181.517929, 252.220642]
/mnt/gpid07/users/morros/VFOA/TRAYECTORIAS2020_03_13/M2020-03-13-10-29-59/img/image_230.png 124.190711 -11.524755 -4.633975 [176.282364, 262.050934]
/mnt/gpid07/users/morros/VFOA/TRAYECTORIAS2020_03_13/M2020-03-13-10-29-59/img/image_231.png 112.448925 -9.754479 -5.759518 [178.851532, 270.730652]
/mnt/gpid07/users/morros/VFOA/TRAYECTORIAS2020_03_13/M2020-03-13-10-29-59/img/image_232.png 101.499387 -8.223708 -6.478229 [191.53952, 279.06842]
/mnt/gpid07/users/morros/VFOA/TRAYECTORIAS2020_03_13/M2020-03-13-10-29-59/img/image_233.png 92.528932 -8.189514 -7.891267 [214.216354, 292.886261]
/mnt/gpid07/users/morros/VFOA/TRAYECTORIAS2020_03_13/M2020-03-13-10-29-59/img/image_234.png 83.862116 -8.021127 -8.122187 [238.766602, 302.239624]
/mnt/gpid07/users/morros/VFOA/TRAYECTORIAS2020_03_13/M2020-03-13-10-29-59/img/image_235.png 76.500956 -7.454406 -7.913085 [266.200562, 310.031464]
/mnt/gpid07/users/morros/VFOA/TRAYECTORIAS2020_03_13/M2020-03-13-10-29-59/img/image_236.png 68.441749 -7.856499 -8.163526 [281.788116, 315.181183]
/mnt/gpid07/users/morros/VFOA/TRAYECTORIAS2020_03_13/M2020-03-13-10-29-59/img/image_237.png 59.829081 -8.463255 -6.607193 [283.228408, 315.669734]
/mnt/gpid07/users/morros/VFOA/TRAYECTORIAS2020_03_13/M2020-03-13-10-29-59/img/image_238.png 49.806509 -8.849758 -4.710404 [283.230964, 315.671977]
/mnt/gpid07/users/morros/VFOA/TRAYECTORIAS2020_03_13/M2020-03-13-10-29-59/img/image_239.png 43.725128 -8.285386 -3.754762 [283.216843, 315.667338]
/mnt/gpid07/users/morros/VFOA/TRAYECTORIAS2020_03_13/M2020-03-13-10-29-59/img/image_240.png 39.397440 -6.618859 -2.567544 [340.65564, 273.292267]
/mnt/gpid07/users/morros/VFOA/TRAYECTORIAS2020_03_13/M2020-03-13-10-29-59/img/image_241.png 35.285785 -4.595425 -0.906217 [353.538239, 256.250061]
/mnt/gpid07/users/morros/VFOA/TRAYECTORIAS2020_03_13/M2020-03-13-10-29-59/img/image_242.png 29.485194 -4.920707 -1.744099 [369.738434, 245.977905]
/mnt/gpid07/users/morros/VFOA/TRAYECTORIAS2020_03_13/M2020-03-13-10-29-59/img/image_243.png 27.200141 -5.219751 -3.368359 [392.461273, 246.898972]
/mnt/gpid07/users/morros/VFOA/TRAYECTORIAS2020_03_13/M2020-03-13-10-29-59/img/image_244.png 31.900548 -2.435096 -4.241983 [414.414429, 255.462387]
/mnt/gpid07/users/morros/VFOA/TRAYECTORIAS2020_03_13/M2020-03-13-10-29-59/img/image_245.png 31.600645 -2.049169 -5.499758 [447.324219, 272.909332]
/mnt/gpid07/users/morros/VFOA/TRAYECTORIAS2020_03_13/M2020-03-13-10-29-59/img/image_246.png 32.956114 -2.386502 -5.505491 [481.404816, 285.473419]
/mnt/gpid07/users/morros/VFOA/TRAYECTORIAS2020_03_13/M2020-03-13-10-29-59/img/image_247.png 32.800458 -1.832100 -5.670777 [503.366028, 292.049957]
/mnt/gpid07/users/morros/VFOA/TRAYECTORIAS2020_03_13/M2020-03-13-10-29-59/img/image_248.png 31.433932 -2.814613 -4.697292 [531.829468, 295.073456]
/mnt/gpid07/users/morros/VFOA/TRAYECTORIAS2020_03_13/M2020-03-13-10-29-59/img/image_249.png 28.112257 -1.985418 -2.376239 [559.583313, 286.84613]
