/mnt/gpid07/users/morros/VFOA/TRAYECTORIAS2020_03_13/M2020-03-13-10-45-44/img/image_83.png -146.273752 -9.403069 -1.188171 [568.062012, 242.689972]
/mnt/gpid07/users/morros/VFOA/TRAYECTORIAS2020_03_13/M2020-03-13-10-45-44/img/image_84.png -153.173742 -10.654554 -0.355707 [533.953613, 257.623718]
/mnt/gpid07/users/morros/VFOA/TRAYECTORIAS2020_03_13/M2020-03-13-10-45-44/img/image_85.png -158.573420 -11.423361 0.286650 [505.711456, 269.329254]
/mnt/gpid07/users/morros/VFOA/TRAYECTORIAS2020_03_13/M2020-03-13-10-45-44/img/image_86.png -162.449577 -12.773694 0.017266 [481.467651, 271.23111]
/mnt/gpid07/users/morros/VFOA/TRAYECTORIAS2020_03_13/M2020-03-13-10-45-44/img/image_87.png -162.992860 -11.818450 -2.188532 [456.924805, 262.922943]
/mnt/gpid07/users/morros/VFOA/TRAYECTORIAS2020_03_13/M2020-03-13-10-45-44/img/image_88.png -161.790383 -12.142857 -2.166652 [444.868958, 249.455795]
/mnt/gpid07/users/morros/VFOA/TRAYECTORIAS2020_03_13/M2020-03-13-10-45-44/img/image_89.png -161.572046 -12.353358 -2.392657 [430.988098, 230.621643]
/mnt/gpid07/users/morros/VFOA/TRAYECTORIAS2020_03_13/M2020-03-13-10-45-44/img/image_90.png -161.728169 -12.514592 -2.076795 [417.961334, 218.952774]
/mnt/gpid07/users/morros/VFOA/TRAYECTORIAS2020_03_13/M2020-03-13-10-45-44/img/image_91.png -163.157508 -14.582757 -2.287861 [404.737549, 213.732864]
/mnt/gpid07/users/morros/VFOA/TRAYECTORIAS2020_03_13/M2020-03-13-10-45-44/img/image_92.png -165.458344 -15.196370 -1.975676 [384.498352, 212.593704]
/mnt/gpid07/users/morros/VFOA/TRAYECTORIAS2020_03_13/M2020-03-13-10-45-44/img/image_93.png -165.006890 -13.772676 -1.306190 [356.955811, 216.002151]
/mnt/gpid07/users/morros/VFOA/TRAYECTORIAS2020_03_13/M2020-03-13-10-45-44/img/image_94.png -166.212712 -14.727615 -2.153455 [327.470917, 226.293243]
/mnt/gpid07/users/morros/VFOA/TRAYECTORIAS2020_03_13/M2020-03-13-10-45-44/img/image_95.png -167.380794 -16.656600 -1.912205 [300.676514, 233.181595]
/mnt/gpid07/users/morros/VFOA/TRAYECTORIAS2020_03_13/M2020-03-13-10-45-44/img/image_96.png -166.481788 -18.927772 -2.644882 [279.446991, 239.161377]
/mnt/gpid07/users/morros/VFOA/TRAYECTORIAS2020_03_13/M2020-03-13-10-45-44/img/image_97.png -166.349078 -22.324879 -2.998269 [260.558929, 236.33049]
/mnt/gpid07/users/morros/VFOA/TRAYECTORIAS2020_03_13/M2020-03-13-10-45-44/img/image_98.png -165.988490 -26.653088 -2.909420 [248.158264, 227.921494]
/mnt/gpid07/users/morros/VFOA/TRAYECTORIAS2020_03_13/M2020-03-13-10-45-44/img/image_99.png -165.559349 -32.683452 -3.889546 [235.876144, 216.004257]
/mnt/gpid07/users/morros/VFOA/TRAYECTORIAS2020_03_13/M2020-03-13-10-45-44/img/image_106.png -155.987912 -23.776303 -4.366348 [234.64925, 214.773553]
/mnt/gpid07/users/morros/VFOA/TRAYECTORIAS2020_03_13/M2020-03-13-10-45-44/img/image_107.png -152.988300 -18.498869 -3.690662 [201.54425, 180.266922]
/mnt/gpid07/users/morros/VFOA/TRAYECTORIAS2020_03_13/M2020-03-13-10-45-44/img/image_108.png -151.295726 -16.475528 -2.964131 [218.651108, 183.58493]
/mnt/gpid07/users/morros/VFOA/TRAYECTORIAS2020_03_13/M2020-03-13-10-45-44/img/image_109.png -149.041989 -14.491445 -2.495980 [229.169754, 186.377182]
/mnt/gpid07/users/morros/VFOA/TRAYECTORIAS2020_03_13/M2020-03-13-10-45-44/img/image_110.png -146.235552 -12.922912 -1.548800 [230.155737, 186.65115]
/mnt/gpid07/users/morros/VFOA/TRAYECTORIAS2020_03_13/M2020-03-13-10-45-44/img/image_111.png -139.780343 -12.165479 -1.618127 [230.159008, 186.653364]
/mnt/gpid07/users/morros/VFOA/TRAYECTORIAS2020_03_13/M2020-03-13-10-45-44/img/image_112.png -132.736102 -11.214672 -1.536344 [198.205795, 229.023911]
/mnt/gpid07/users/morros/VFOA/TRAYECTORIAS2020_03_13/M2020-03-13-10-45-44/img/image_113.png -116.822554 -9.427407 -1.996158 [192.570755, 243.558807]
/mnt/gpid07/users/morros/VFOA/TRAYECTORIAS2020_03_13/M2020-03-13-10-45-44/img/image_114.png -105.670808 -9.607845 -3.886273 [188.678085, 250.47525]
/mnt/gpid07/users/morros/VFOA/TRAYECTORIAS2020_03_13/M2020-03-13-10-45-44/img/image_115.png -97.060758 -9.806711 -4.979884 [184.301163, 251.052155]
/mnt/gpid07/users/morros/VFOA/TRAYECTORIAS2020_03_13/M2020-03-13-10-45-44/img/image_116.png -91.754698 -11.707764 -7.284468 [180.948715, 243.932571]
/mnt/gpid07/users/morros/VFOA/TRAYECTORIAS2020_03_13/M2020-03-13-10-45-44/img/image_117.png -90.065799 -14.536832 -9.268599 [169.335388, 231.940521]
/mnt/gpid07/users/morros/VFOA/TRAYECTORIAS2020_03_13/M2020-03-13-10-45-44/img/image_118.png -90.317514 -17.166044 -9.640043 [163.634232, 227.78981]
/mnt/gpid07/users/morros/VFOA/TRAYECTORIAS2020_03_13/M2020-03-13-10-45-44/img/image_119.png -88.814557 -20.637733 -8.316555 [164.88176, 232.943573]
/mnt/gpid07/users/morros/VFOA/TRAYECTORIAS2020_03_13/M2020-03-13-10-45-44/img/image_120.png -88.824309 -25.078292 -6.944258 [165.075999, 233.551994]
/mnt/gpid07/users/morros/VFOA/TRAYECTORIAS2020_03_13/M2020-03-13-10-45-44/img/image_121.png -87.564231 -30.442977 -5.743380 [152.452194, 268.308899]
/mnt/gpid07/users/morros/VFOA/TRAYECTORIAS2020_03_13/M2020-03-13-10-45-44/img/image_122.png -87.574659 -35.023702 -5.395303 [156.144028, 286.97699]
/mnt/gpid07/users/morros/VFOA/TRAYECTORIAS2020_03_13/M2020-03-13-10-45-44/img/image_123.png -88.308855 -39.041952 -4.545737 [156.247711, 303.210327]
/mnt/gpid07/users/morros/VFOA/TRAYECTORIAS2020_03_13/M2020-03-13-10-45-44/img/image_124.png -88.624020 -42.569540 -4.331758 [156.222198, 304.809313]
/mnt/gpid07/users/morros/VFOA/TRAYECTORIAS2020_03_13/M2020-03-13-10-45-44/img/image_125.png -88.630523 -43.627040 -4.162741 [154.991531, 322.127991]
/mnt/gpid07/users/morros/VFOA/TRAYECTORIAS2020_03_13/M2020-03-13-10-45-44/img/image_126.png -87.766696 -42.314704 -4.636587 [155.787704, 325.287476]
/mnt/gpid07/users/morros/VFOA/TRAYECTORIAS2020_03_13/M2020-03-13-10-45-44/img/image_127.png -87.058272 -37.329081 -4.849512 [158.651321, 325.154205]
/mnt/gpid07/users/morros/VFOA/TRAYECTORIAS2020_03_13/M2020-03-13-10-45-44/img/image_128.png -87.376497 -26.801375 -4.143841 [158.958358, 325.107951]
/mnt/gpid07/users/morros/VFOA/TRAYECTORIAS2020_03_13/M2020-03-13-10-45-44/img/image_129.png -89.777624 -17.712730 -3.059039 [158.963495, 325.104195]
/mnt/gpid07/users/morros/VFOA/TRAYECTORIAS2020_03_13/M2020-03-13-10-45-44/img/image_130.png -93.742687 -11.657108 -1.694765 [168.638977, 295.481934]
/mnt/gpid07/users/morros/VFOA/TRAYECTORIAS2020_03_13/M2020-03-13-10-45-44/img/image_131.png -97.325549 -6.969282 -0.812097 [179.708862, 266.981964]
/mnt/gpid07/users/morros/VFOA/TRAYECTORIAS2020_03_13/M2020-03-13-10-45-44/img/image_132.png -100.836634 -6.296190 -1.245667 [180.829795, 264.14319]
/mnt/gpid07/users/morros/VFOA/TRAYECTORIAS2020_03_13/M2020-03-13-10-45-44/img/image_133.png -106.606425 -6.818639 -2.488245 [173.351288, 234.638626]
/mnt/gpid07/users/morros/VFOA/TRAYECTORIAS2020_03_13/M2020-03-13-10-45-44/img/image_134.png -114.310047 -7.790053 -3.571391 [170.800507, 220.370148]
/mnt/gpid07/users/morros/VFOA/TRAYECTORIAS2020_03_13/M2020-03-13-10-45-44/img/image_135.png -125.527347 -8.899962 -4.018228 [166.449753, 215.859695]
/mnt/gpid07/users/morros/VFOA/TRAYECTORIAS2020_03_13/M2020-03-13-10-45-44/img/image_136.png -137.684508 -8.846753 -3.544402 [169.345001, 217.389725]
/mnt/gpid07/users/morros/VFOA/TRAYECTORIAS2020_03_13/M2020-03-13-10-45-44/img/image_137.png -149.365047 -10.118559 -1.814017 [164.852493, 231.082092]
/mnt/gpid07/users/morros/VFOA/TRAYECTORIAS2020_03_13/M2020-03-13-10-45-44/img/image_138.png -162.685397 -13.062028 0.429736 [164.329365, 232.572952]
/mnt/gpid07/users/morros/VFOA/TRAYECTORIAS2020_03_13/M2020-03-13-10-45-44/img/image_139.png -174.441650 -11.642097 -1.447277 [158.933578, 244.858414]
/mnt/gpid07/users/morros/VFOA/TRAYECTORIAS2020_03_13/M2020-03-13-10-45-44/img/image_140.png 174.221821 -8.607756 -4.890140 [181.776855, 241.98233]
/mnt/gpid07/users/morros/VFOA/TRAYECTORIAS2020_03_13/M2020-03-13-10-45-44/img/image_141.png 161.897775 -7.898884 -5.702050 [209.230148, 231.863113]
/mnt/gpid07/users/morros/VFOA/TRAYECTORIAS2020_03_13/M2020-03-13-10-45-44/img/image_142.png 148.219082 -4.917225 -7.413139 [241.130661, 224.303482]
/mnt/gpid07/users/morros/VFOA/TRAYECTORIAS2020_03_13/M2020-03-13-10-45-44/img/image_143.png 132.953598 -5.195394 -8.639409 [268.594788, 220.172485]
/mnt/gpid07/users/morros/VFOA/TRAYECTORIAS2020_03_13/M2020-03-13-10-45-44/img/image_144.png 112.103082 -7.991935 -10.071928 [286.447479, 217.644409]
/mnt/gpid07/users/morros/VFOA/TRAYECTORIAS2020_03_13/M2020-03-13-10-45-44/img/image_145.png 90.863956 -9.370208 -10.819347 [288.136634, 217.407631]
/mnt/gpid07/users/morros/VFOA/TRAYECTORIAS2020_03_13/M2020-03-13-10-45-44/img/image_146.png 73.220946 -7.156654 -9.132030 [288.143914, 217.406866]
/mnt/gpid07/users/morros/VFOA/TRAYECTORIAS2020_03_13/M2020-03-13-10-45-44/img/image_147.png 58.178742 -5.831910 -9.341456 [295.499847, 217.11731]
/mnt/gpid07/users/morros/VFOA/TRAYECTORIAS2020_03_13/M2020-03-13-10-45-44/img/image_148.png 47.646249 -4.776713 -10.253304 [290.68692, 232.270584]
/mnt/gpid07/users/morros/VFOA/TRAYECTORIAS2020_03_13/M2020-03-13-10-45-44/img/image_149.png 40.810041 -4.402036 -11.817193 [295.052979, 253.651611]
/mnt/gpid07/users/morros/VFOA/TRAYECTORIAS2020_03_13/M2020-03-13-10-45-44/img/image_150.png 35.203621 -3.833140 -13.025261 [310.063324, 278.230957]
/mnt/gpid07/users/morros/VFOA/TRAYECTORIAS2020_03_13/M2020-03-13-10-45-44/img/image_151.png 31.345646 -6.415980 -13.005314 [317.592072, 299.260651]
/mnt/gpid07/users/morros/VFOA/TRAYECTORIAS2020_03_13/M2020-03-13-10-45-44/img/image_152.png 25.694888 -8.294921 -12.940603 [339.353088, 323.388458]
/mnt/gpid07/users/morros/VFOA/TRAYECTORIAS2020_03_13/M2020-03-13-10-45-44/img/image_153.png 18.487732 -8.290009 -9.854411 [343.450745, 331.127686]
/mnt/gpid07/users/morros/VFOA/TRAYECTORIAS2020_03_13/M2020-03-13-10-45-44/img/image_154.png 15.075702 -9.498480 -6.750863 [343.683877, 331.737722]
/mnt/gpid07/users/morros/VFOA/TRAYECTORIAS2020_03_13/M2020-03-13-10-45-44/img/image_155.png 13.003385 -12.040403 -3.443879 [386.144867, 336.766388]
/mnt/gpid07/users/morros/VFOA/TRAYECTORIAS2020_03_13/M2020-03-13-10-45-44/img/image_156.png 10.323397 -15.891804 -2.510939 [420.975677, 332.105164]
/mnt/gpid07/users/morros/VFOA/TRAYECTORIAS2020_03_13/M2020-03-13-10-45-44/img/image_157.png 9.967064 -20.538896 -2.491782 [453.31723, 329.680115]
/mnt/gpid07/users/morros/VFOA/TRAYECTORIAS2020_03_13/M2020-03-13-10-45-44/img/image_158.png 7.778475 -25.784986 -2.584079 [456.526493, 329.459972]
/mnt/gpid07/users/morros/VFOA/TRAYECTORIAS2020_03_13/M2020-03-13-10-45-44/img/image_159.png 8.950024 -29.784494 -1.927119 [456.556096, 329.460006]
/mnt/gpid07/users/morros/VFOA/TRAYECTORIAS2020_03_13/M2020-03-13-10-45-44/img/image_161.png 10.021118 -32.217463 -2.607017 [511.525146, 363.048737]
/mnt/gpid07/users/morros/VFOA/TRAYECTORIAS2020_03_13/M2020-03-13-10-45-44/img/image_162.png 9.345090 -32.715297 -2.929042 [517.575202, 366.743232]
/mnt/gpid07/users/morros/VFOA/TRAYECTORIAS2020_03_13/M2020-03-13-10-45-44/img/image_163.png 8.528018 -33.670297 -3.511639 [511.771118, 362.090118]
/mnt/gpid07/users/morros/VFOA/TRAYECTORIAS2020_03_13/M2020-03-13-10-45-44/img/image_170.png 39.542098 -13.788145 -8.244506 [493.739777, 347.37204]
/mnt/gpid07/users/morros/VFOA/TRAYECTORIAS2020_03_13/M2020-03-13-10-45-44/img/image_171.png 57.393984 -6.405063 -8.873265 [483.821991, 342.004883]
/mnt/gpid07/users/morros/VFOA/TRAYECTORIAS2020_03_13/M2020-03-13-10-45-44/img/image_172.png 76.138012 -1.133375 -9.382114 [482.904227, 341.556096]
/mnt/gpid07/users/morros/VFOA/TRAYECTORIAS2020_03_13/M2020-03-13-10-45-44/img/image_173.png 91.951912 1.057106 -7.837600 [431.75647, 336.106689]
/mnt/gpid07/users/morros/VFOA/TRAYECTORIAS2020_03_13/M2020-03-13-10-45-44/img/image_174.png 107.495265 -1.324610 -5.438977 [426.139394, 335.511743]
/mnt/gpid07/users/morros/VFOA/TRAYECTORIAS2020_03_13/M2020-03-13-10-45-44/img/image_175.png 121.969202 -4.626974 -3.220245 [392.898193, 322.326324]
/mnt/gpid07/users/morros/VFOA/TRAYECTORIAS2020_03_13/M2020-03-13-10-45-44/img/image_176.png 134.727748 -8.082063 -2.420905 [370.874512, 306.945343]
/mnt/gpid07/users/morros/VFOA/TRAYECTORIAS2020_03_13/M2020-03-13-10-45-44/img/image_177.png 143.990429 -6.906502 -2.326912 [345.467499, 297.144531]
/mnt/gpid07/users/morros/VFOA/TRAYECTORIAS2020_03_13/M2020-03-13-10-45-44/img/image_178.png 148.628496 -7.262569 -3.696792 [325.289337, 292.58194]
/mnt/gpid07/users/morros/VFOA/TRAYECTORIAS2020_03_13/M2020-03-13-10-45-44/img/image_179.png 159.581170 -6.593288 -2.105106 [314.156067, 291.73941]
/mnt/gpid07/users/morros/VFOA/TRAYECTORIAS2020_03_13/M2020-03-13-10-45-44/img/image_180.png 171.293239 -7.854787 -2.496010 [312.878906, 290.80661]
/mnt/gpid07/users/morros/VFOA/TRAYECTORIAS2020_03_13/M2020-03-13-10-45-44/img/image_181.png -177.688075 -8.805603 -2.784733 [319.259979, 283.963806]
/mnt/gpid07/users/morros/VFOA/TRAYECTORIAS2020_03_13/M2020-03-13-10-45-44/img/image_182.png -168.889869 -10.583145 -2.625525 [326.216705, 276.514038]
/mnt/gpid07/users/morros/VFOA/TRAYECTORIAS2020_03_13/M2020-03-13-10-45-44/img/image_183.png -162.496251 -11.341389 -2.932766 [333.15506, 272.496429]
/mnt/gpid07/users/morros/VFOA/TRAYECTORIAS2020_03_13/M2020-03-13-10-45-44/img/image_184.png -155.738407 -12.743054 -2.478039 [329.552643, 270.240082]
/mnt/gpid07/users/morros/VFOA/TRAYECTORIAS2020_03_13/M2020-03-13-10-45-44/img/image_185.png -150.747552 -14.471581 -2.222567 [320.506622, 274.979462]
/mnt/gpid07/users/morros/VFOA/TRAYECTORIAS2020_03_13/M2020-03-13-10-45-44/img/image_186.png -148.653909 -16.712779 -2.079399 [301.480042, 282.802399]
/mnt/gpid07/users/morros/VFOA/TRAYECTORIAS2020_03_13/M2020-03-13-10-45-44/img/image_187.png -147.689172 -19.363602 -1.481457 [279.887787, 289.241852]
/mnt/gpid07/users/morros/VFOA/TRAYECTORIAS2020_03_13/M2020-03-13-10-45-44/img/image_188.png -148.080206 -22.340545 -1.736652 [261.202332, 295.796082]
/mnt/gpid07/users/morros/VFOA/TRAYECTORIAS2020_03_13/M2020-03-13-10-45-44/img/image_189.png -148.727441 -26.181082 -1.804791 [239.700668, 301.746796]
/mnt/gpid07/users/morros/VFOA/TRAYECTORIAS2020_03_13/M2020-03-13-10-45-44/img/image_190.png -147.255212 -32.042799 -2.720716 [237.52234, 302.335832]
/mnt/gpid07/users/morros/VFOA/TRAYECTORIAS2020_03_13/M2020-03-13-10-45-44/img/image_196.png -138.676700 -39.708408 -3.863450 [209.992813, 274.371033]
/mnt/gpid07/users/morros/VFOA/TRAYECTORIAS2020_03_13/M2020-03-13-10-45-44/img/image_198.png -134.388703 -23.157204 -3.715276 [206.907104, 271.236254]
/mnt/gpid07/users/morros/VFOA/TRAYECTORIAS2020_03_13/M2020-03-13-10-45-44/img/image_199.png -133.099212 -15.855510 -4.466242 [248.865234, 277.69519]
/mnt/gpid07/users/morros/VFOA/TRAYECTORIAS2020_03_13/M2020-03-13-10-45-44/img/image_200.png -130.538931 -11.793328 -5.546888 [269.860168, 274.904114]
/mnt/gpid07/users/morros/VFOA/TRAYECTORIAS2020_03_13/M2020-03-13-10-45-44/img/image_201.png -129.656199 -9.970116 -4.765746 [272.209503, 276.020477]
/mnt/gpid07/users/morros/VFOA/TRAYECTORIAS2020_03_13/M2020-03-13-10-45-44/img/image_202.png -127.280808 -7.562722 -3.420668 [268.105042, 292.841248]
/mnt/gpid07/users/morros/VFOA/TRAYECTORIAS2020_03_13/M2020-03-13-10-45-44/img/image_203.png -125.356214 -6.067041 -2.455290 [258.927155, 315.717346]
/mnt/gpid07/users/morros/VFOA/TRAYECTORIAS2020_03_13/M2020-03-13-10-45-44/img/image_204.png -124.312588 -4.608829 -1.902933 [250.565552, 327.804565]
/mnt/gpid07/users/morros/VFOA/TRAYECTORIAS2020_03_13/M2020-03-13-10-45-44/img/image_205.png -122.258682 -4.400802 -1.928923 [245.758652, 331.364838]
/mnt/gpid07/users/morros/VFOA/TRAYECTORIAS2020_03_13/M2020-03-13-10-45-44/img/image_206.png -118.277717 -3.465584 -1.499261 [242.258942, 330.662994]
/mnt/gpid07/users/morros/VFOA/TRAYECTORIAS2020_03_13/M2020-03-13-10-45-44/img/image_207.png -107.293056 -2.357614 -1.081366 [231.138901, 325.289917]
/mnt/gpid07/users/morros/VFOA/TRAYECTORIAS2020_03_13/M2020-03-13-10-45-44/img/image_208.png -90.334333 -1.716742 -1.616255 [229.950693, 324.705897]
/mnt/gpid07/users/morros/VFOA/TRAYECTORIAS2020_03_13/M2020-03-13-10-45-44/img/image_209.png -69.114568 -1.764091 -3.865236 [214.890366, 296.910583]
/mnt/gpid07/users/morros/VFOA/TRAYECTORIAS2020_03_13/M2020-03-13-10-45-44/img/image_210.png -54.265428 -1.214926 -4.552396 [206.32341, 286.204376]
/mnt/gpid07/users/morros/VFOA/TRAYECTORIAS2020_03_13/M2020-03-13-10-45-44/img/image_211.png -40.579357 0.204575 -2.737428 [204.300262, 280.65921]
/mnt/gpid07/users/morros/VFOA/TRAYECTORIAS2020_03_13/M2020-03-13-10-45-44/img/image_212.png -34.019368 1.713669 -1.466664 [208.31398, 279.977753]
/mnt/gpid07/users/morros/VFOA/TRAYECTORIAS2020_03_13/M2020-03-13-10-45-44/img/image_213.png -35.926898 -0.037153 -1.579340 [215.76947, 281.032166]
/mnt/gpid07/users/morros/VFOA/TRAYECTORIAS2020_03_13/M2020-03-13-10-45-44/img/image_214.png -41.625285 -2.022414 -1.758869 [217.021362, 286.182648]
/mnt/gpid07/users/morros/VFOA/TRAYECTORIAS2020_03_13/M2020-03-13-10-45-44/img/image_215.png -51.670901 -2.573094 -1.948213 [225.483322, 289.474823]
/mnt/gpid07/users/morros/VFOA/TRAYECTORIAS2020_03_13/M2020-03-13-10-45-44/img/image_216.png -62.240586 -2.100995 -0.976715 [226.784103, 294.271149]
/mnt/gpid07/users/morros/VFOA/TRAYECTORIAS2020_03_13/M2020-03-13-10-45-44/img/image_217.png -76.649655 -2.442976 -0.657949 [226.84257, 294.765823]
/mnt/gpid07/users/morros/VFOA/TRAYECTORIAS2020_03_13/M2020-03-13-10-45-44/img/image_218.png -94.018984 -3.867814 -0.210801 [226.835993, 294.772274]
/mnt/gpid07/users/morros/VFOA/TRAYECTORIAS2020_03_13/M2020-03-13-10-45-44/img/image_219.png -106.301791 -6.194712 1.248341 [229.35051, 316.164642]
/mnt/gpid07/users/morros/VFOA/TRAYECTORIAS2020_03_13/M2020-03-13-10-45-44/img/image_220.png -119.609745 -8.532947 2.348215 [229.627172, 318.517738]
/mnt/gpid07/users/morros/VFOA/TRAYECTORIAS2020_03_13/M2020-03-13-10-45-44/img/image_221.png -127.517003 -6.889964 1.934727 [229.340927, 327.90683]
/mnt/gpid07/users/morros/VFOA/TRAYECTORIAS2020_03_13/M2020-03-13-10-45-44/img/image_222.png -136.450040 -5.579871 0.059164 [242.518967, 320.512115]
/mnt/gpid07/users/morros/VFOA/TRAYECTORIAS2020_03_13/M2020-03-13-10-45-44/img/image_223.png -146.919821 -5.974272 -1.496048 [259.910278, 305.794922]
/mnt/gpid07/users/morros/VFOA/TRAYECTORIAS2020_03_13/M2020-03-13-10-45-44/img/image_224.png -163.505169 -5.102891 -1.537156 [272.43399, 287.386475]
/mnt/gpid07/users/morros/VFOA/TRAYECTORIAS2020_03_13/M2020-03-13-10-45-44/img/image_225.png -179.336151 -7.298443 -1.869484 [286.869995, 275.306305]
/mnt/gpid07/users/morros/VFOA/TRAYECTORIAS2020_03_13/M2020-03-13-10-45-44/img/image_226.png 163.098827 -8.513643 -2.438323 [294.359314, 267.607117]
/mnt/gpid07/users/morros/VFOA/TRAYECTORIAS2020_03_13/M2020-03-13-10-45-44/img/image_227.png 139.498869 -8.574178 -2.680882 [295.787201, 261.087341]
/mnt/gpid07/users/morros/VFOA/TRAYECTORIAS2020_03_13/M2020-03-13-10-45-44/img/image_228.png 123.404463 -7.715977 -1.540936 [291.378876, 259.277832]
/mnt/gpid07/users/morros/VFOA/TRAYECTORIAS2020_03_13/M2020-03-13-10-45-44/img/image_229.png 110.587421 -7.726159 -1.313994 [287.264648, 258.658264]
/mnt/gpid07/users/morros/VFOA/TRAYECTORIAS2020_03_13/M2020-03-13-10-45-44/img/image_230.png 97.055145 -7.377087 -1.871833 [286.856167, 258.608207]
/mnt/gpid07/users/morros/VFOA/TRAYECTORIAS2020_03_13/M2020-03-13-10-45-44/img/image_231.png 85.692789 -5.047576 -3.401719 [286.852376, 258.608896]
/mnt/gpid07/users/morros/VFOA/TRAYECTORIAS2020_03_13/M2020-03-13-10-45-44/img/image_232.png 76.910236 -2.807833 -4.703257 [286.856044, 258.609473]
/mnt/gpid07/users/morros/VFOA/TRAYECTORIAS2020_03_13/M2020-03-13-10-45-44/img/image_233.png 69.984407 -1.506161 -5.678557 [286.856485, 258.609529]
/mnt/gpid07/users/morros/VFOA/TRAYECTORIAS2020_03_13/M2020-03-13-10-45-44/img/image_234.png 63.978224 0.604046 -6.772475 [286.856497, 258.60953]
/mnt/gpid07/users/morros/VFOA/TRAYECTORIAS2020_03_13/M2020-03-13-10-45-44/img/image_235.png 58.975952 1.024896 -6.233586 [286.856494, 258.609529]
/mnt/gpid07/users/morros/VFOA/TRAYECTORIAS2020_03_13/M2020-03-13-10-45-44/img/image_236.png 52.545814 -2.333781 -6.385612 [286.856493, 258.609529]
/mnt/gpid07/users/morros/VFOA/TRAYECTORIAS2020_03_13/M2020-03-13-10-45-44/img/image_237.png 47.621855 -3.392987 -4.131696 [342.066437, 317.927979]
/mnt/gpid07/users/morros/VFOA/TRAYECTORIAS2020_03_13/M2020-03-13-10-45-44/img/image_238.png 43.261923 -2.425447 -2.929042 [353.175842, 310.9646]
/mnt/gpid07/users/morros/VFOA/TRAYECTORIAS2020_03_13/M2020-03-13-10-45-44/img/image_239.png 41.987913 -2.863370 -0.866120 [369.960144, 299.68457]
/mnt/gpid07/users/morros/VFOA/TRAYECTORIAS2020_03_13/M2020-03-13-10-45-44/img/image_240.png 41.122579 -2.368964 -0.500749 [386.571442, 284.970764]
/mnt/gpid07/users/morros/VFOA/TRAYECTORIAS2020_03_13/M2020-03-13-10-45-44/img/image_241.png 40.659194 -3.052973 -0.794294 [412.164551, 270.402679]
/mnt/gpid07/users/morros/VFOA/TRAYECTORIAS2020_03_13/M2020-03-13-10-45-44/img/image_242.png 41.079537 -2.100045 -1.552481 [437.167236, 258.027466]
/mnt/gpid07/users/morros/VFOA/TRAYECTORIAS2020_03_13/M2020-03-13-10-45-44/img/image_243.png 40.772984 -1.075015 -1.948730 [453.219666, 249.643829]
/mnt/gpid07/users/morros/VFOA/TRAYECTORIAS2020_03_13/M2020-03-13-10-45-44/img/image_244.png 41.148289 -1.975867 -2.231788 [463.661896, 245.18898]
/mnt/gpid07/users/morros/VFOA/TRAYECTORIAS2020_03_13/M2020-03-13-10-45-44/img/image_245.png 42.846999 -1.806032 -2.736024 [478.103088, 250.127747]
/mnt/gpid07/users/morros/VFOA/TRAYECTORIAS2020_03_13/M2020-03-13-10-45-44/img/image_246.png 44.414479 -1.447930 -2.764457 [486.995453, 257.233887]
/mnt/gpid07/users/morros/VFOA/TRAYECTORIAS2020_03_13/M2020-03-13-10-45-44/img/image_247.png 43.846251 -2.324742 -2.579253 [506.961365, 271.481262]
/mnt/gpid07/users/morros/VFOA/TRAYECTORIAS2020_03_13/M2020-03-13-10-45-44/img/image_248.png 43.814685 -2.868985 -2.386819 [525.581299, 286.023376]
/mnt/gpid07/users/morros/VFOA/TRAYECTORIAS2020_03_13/M2020-03-13-10-45-44/img/image_249.png 45.234260 0.074231 -1.083227 [538.840881, 295.73877]
/mnt/gpid07/users/morros/VFOA/TRAYECTORIAS2020_03_13/M2020-03-13-10-45-44/img/image_250.png 41.746165 -1.145919 -1.500430 [556.82074, 298.945221]
/mnt/gpid07/users/morros/VFOA/TRAYECTORIAS2020_03_13/M2020-03-13-10-45-44/img/image_254.png 40.745245 -0.536576 -0.248557 [577.020447, 269.215576]
/mnt/gpid07/users/morros/VFOA/TRAYECTORIAS2020_03_13/M2020-03-13-10-45-44/img/image_257.png 40.839918 0.798111 0.322783 [585.955811, 267.578644]
/mnt/gpid07/users/morros/VFOA/TRAYECTORIAS2020_03_13/M2020-03-13-10-45-44/img/image_261.png 31.314319 -12.384010 -37.505620 [591.401367, 292.437347]
/mnt/gpid07/users/morros/VFOA/TRAYECTORIAS2020_03_13/M2020-03-13-10-45-44/img/image_262.png 30.059804 -24.282337 -53.161660 [591.23761, 302.72226]
/mnt/gpid07/users/morros/VFOA/TRAYECTORIAS2020_03_13/M2020-03-13-10-45-44/img/image_263.png 31.377170 -31.306030 -61.741242 [591.172788, 303.606937]
