/mnt/gpid07/users/morros/VFOA/TRAYECTORIAS2020_03_13/M2020-03-13-12-38-46/img/image_26.png -146.501105 0.319186 0.937560 [550.0, 300.0]
/mnt/gpid07/users/morros/VFOA/TRAYECTORIAS2020_03_13/M2020-03-13-12-38-46/img/image_27.png -140.936370 0.724783 1.859336 [551.739685, 263.574585]
/mnt/gpid07/users/morros/VFOA/TRAYECTORIAS2020_03_13/M2020-03-13-12-38-46/img/image_28.png -134.604073 -1.152807 1.954666 [515.765381, 277.534912]
/mnt/gpid07/users/morros/VFOA/TRAYECTORIAS2020_03_13/M2020-03-13-12-38-46/img/image_29.png -133.128494 -3.155506 1.137179 [479.467224, 294.154327]
/mnt/gpid07/users/morros/VFOA/TRAYECTORIAS2020_03_13/M2020-03-13-12-38-46/img/image_30.png -132.066571 -5.478493 0.707735 [447.244415, 304.042389]
/mnt/gpid07/users/morros/VFOA/TRAYECTORIAS2020_03_13/M2020-03-13-12-38-46/img/image_31.png -131.111147 -6.095966 1.351271 [412.573151, 308.738098]
/mnt/gpid07/users/morros/VFOA/TRAYECTORIAS2020_03_13/M2020-03-13-12-38-46/img/image_32.png -128.929191 -4.565342 1.609423 [378.540741, 312.119629]
/mnt/gpid07/users/morros/VFOA/TRAYECTORIAS2020_03_13/M2020-03-13-12-38-46/img/image_33.png -128.416674 -2.144018 1.275954 [375.143889, 312.44464]
/mnt/gpid07/users/morros/VFOA/TRAYECTORIAS2020_03_13/M2020-03-13-12-38-46/img/image_34.png -126.349597 -2.520244 1.006160 [307.900818, 293.423126]
/mnt/gpid07/users/morros/VFOA/TRAYECTORIAS2020_03_13/M2020-03-13-12-38-46/img/image_35.png -123.479880 -2.778197 1.165910 [278.495575, 284.040588]
/mnt/gpid07/users/morros/VFOA/TRAYECTORIAS2020_03_13/M2020-03-13-12-38-46/img/image_36.png -124.243680 -4.597761 1.238600 [251.203537, 283.730011]
/mnt/gpid07/users/morros/VFOA/TRAYECTORIAS2020_03_13/M2020-03-13-12-38-46/img/image_37.png -122.223467 -7.008471 1.010311 [231.915985, 292.08252]
/mnt/gpid07/users/morros/VFOA/TRAYECTORIAS2020_03_13/M2020-03-13-12-38-46/img/image_38.png -118.738919 -13.068053 0.152697 [230.067275, 293.004401]
/mnt/gpid07/users/morros/VFOA/TRAYECTORIAS2020_03_13/M2020-03-13-12-38-46/img/image_39.png -116.225593 -22.954711 -0.284491 [230.056792, 293.022283]
/mnt/gpid07/users/morros/VFOA/TRAYECTORIAS2020_03_13/M2020-03-13-12-38-46/img/image_40.png -118.444147 -34.533206 1.806651 [189.544464, 339.99881]
/mnt/gpid07/users/morros/VFOA/TRAYECTORIAS2020_03_13/M2020-03-13-12-38-46/img/image_42.png -118.599839 -38.764739 4.435311 [152.05687, 364.385345]
/mnt/gpid07/users/morros/VFOA/TRAYECTORIAS2020_03_13/M2020-03-13-12-38-46/img/image_43.png -117.836041 -37.273208 4.750634 [147.561966, 367.295898]
/mnt/gpid07/users/morros/VFOA/TRAYECTORIAS2020_03_13/M2020-03-13-12-38-46/img/image_44.png -109.392993 -35.708065 4.085935 [144.457977, 369.050812]
/mnt/gpid07/users/morros/VFOA/TRAYECTORIAS2020_03_13/M2020-03-13-12-38-46/img/image_45.png -108.551565 -35.867281 4.724560 [144.161488, 369.214747]
/mnt/gpid07/users/morros/VFOA/TRAYECTORIAS2020_03_13/M2020-03-13-12-38-46/img/image_46.png -111.366062 -35.425293 5.613446 [153.364578, 372.255768]
/mnt/gpid07/users/morros/VFOA/TRAYECTORIAS2020_03_13/M2020-03-13-12-38-46/img/image_47.png -125.240587 -34.936312 9.158312 [149.440582, 377.936493]
/mnt/gpid07/users/morros/VFOA/TRAYECTORIAS2020_03_13/M2020-03-13-12-38-46/img/image_48.png -130.630468 -32.541705 9.230963 [150.552155, 372.289734]
/mnt/gpid07/users/morros/VFOA/TRAYECTORIAS2020_03_13/M2020-03-13-12-38-46/img/image_49.png -125.805605 -29.601254 7.171620 [140.643005, 368.466949]
/mnt/gpid07/users/morros/VFOA/TRAYECTORIAS2020_03_13/M2020-03-13-12-38-46/img/image_50.png -110.396567 -24.847695 3.660139 [139.559372, 362.512665]
/mnt/gpid07/users/morros/VFOA/TRAYECTORIAS2020_03_13/M2020-03-13-12-38-46/img/image_51.png -93.481606 -22.637227 1.077393 [139.539264, 361.895921]
/mnt/gpid07/users/morros/VFOA/TRAYECTORIAS2020_03_13/M2020-03-13-12-38-46/img/image_52.png -78.422824 -22.849031 -1.062207 [157.879868, 347.255188]
/mnt/gpid07/users/morros/VFOA/TRAYECTORIAS2020_03_13/M2020-03-13-12-38-46/img/image_53.png -67.072304 -21.016105 0.127984 [161.990479, 338.423218]
/mnt/gpid07/users/morros/VFOA/TRAYECTORIAS2020_03_13/M2020-03-13-12-38-46/img/image_54.png -57.430217 -19.579293 1.316743 [168.286819, 331.448608]
/mnt/gpid07/users/morros/VFOA/TRAYECTORIAS2020_03_13/M2020-03-13-12-38-46/img/image_55.png -47.530831 -16.278487 2.848057 [168.938311, 330.769721]
/mnt/gpid07/users/morros/VFOA/TRAYECTORIAS2020_03_13/M2020-03-13-12-38-46/img/image_56.png -43.444388 -14.540327 2.855291 [191.435379, 304.00116]
/mnt/gpid07/users/morros/VFOA/TRAYECTORIAS2020_03_13/M2020-03-13-12-38-46/img/image_57.png -45.350833 -11.904530 1.252511 [214.860031, 292.239685]
/mnt/gpid07/users/morros/VFOA/TRAYECTORIAS2020_03_13/M2020-03-13-12-38-46/img/image_58.png -45.544476 -12.099438 1.266686 [243.405792, 280.304718]
/mnt/gpid07/users/morros/VFOA/TRAYECTORIAS2020_03_13/M2020-03-13-12-38-46/img/image_59.png -40.184358 -14.896893 -0.299630 [267.913635, 270.897949]
/mnt/gpid07/users/morros/VFOA/TRAYECTORIAS2020_03_13/M2020-03-13-12-38-46/img/image_60.png -33.826078 -16.731305 0.248249 [290.762878, 262.373077]
/mnt/gpid07/users/morros/VFOA/TRAYECTORIAS2020_03_13/M2020-03-13-12-38-46/img/image_61.png -26.509743 -17.702797 0.307650 [313.530975, 260.957733]
/mnt/gpid07/users/morros/VFOA/TRAYECTORIAS2020_03_13/M2020-03-13-12-38-46/img/image_62.png -23.693519 -17.047618 -2.825996 [332.744354, 266.554108]
/mnt/gpid07/users/morros/VFOA/TRAYECTORIAS2020_03_13/M2020-03-13-12-38-46/img/image_63.png -26.605801 -17.328339 -4.284917 [350.481445, 281.406769]
/mnt/gpid07/users/morros/VFOA/TRAYECTORIAS2020_03_13/M2020-03-13-12-38-46/img/image_64.png -22.152979 -17.888752 -3.438289 [356.566254, 307.631348]
/mnt/gpid07/users/morros/VFOA/TRAYECTORIAS2020_03_13/M2020-03-13-12-38-46/img/image_65.png -23.738641 -19.368658 -0.973749 [362.168549, 323.240204]
/mnt/gpid07/users/morros/VFOA/TRAYECTORIAS2020_03_13/M2020-03-13-12-38-46/img/image_66.png -30.379185 -22.364716 1.007189 [390.636414, 336.907166]
/mnt/gpid07/users/morros/VFOA/TRAYECTORIAS2020_03_13/M2020-03-13-12-38-46/img/image_67.png -37.815346 -25.072866 2.106607 [409.754089, 347.97406]
/mnt/gpid07/users/morros/VFOA/TRAYECTORIAS2020_03_13/M2020-03-13-12-38-46/img/image_68.png -38.335365 -26.911658 2.654742 [437.479462, 352.723114]
/mnt/gpid07/users/morros/VFOA/TRAYECTORIAS2020_03_13/M2020-03-13-12-38-46/img/image_69.png -45.703379 -31.079865 4.605999 [478.058685, 355.577362]
/mnt/gpid07/users/morros/VFOA/TRAYECTORIAS2020_03_13/M2020-03-13-12-38-46/img/image_70.png -47.315017 -32.860277 5.151862 [514.562927, 360.800537]
/mnt/gpid07/users/morros/VFOA/TRAYECTORIAS2020_03_13/M2020-03-13-12-38-46/img/image_72.png -42.472953 -33.881123 1.178896 [518.204623, 361.354373]
/mnt/gpid07/users/morros/VFOA/TRAYECTORIAS2020_03_13/M2020-03-13-12-38-46/img/image_74.png -39.380974 -32.339293 0.855211 [565.385681, 376.755737]
/mnt/gpid07/users/morros/VFOA/TRAYECTORIAS2020_03_13/M2020-03-13-12-38-46/img/image_75.png -48.811485 -24.131558 3.027255 [567.769043, 372.76355]
/mnt/gpid07/users/morros/VFOA/TRAYECTORIAS2020_03_13/M2020-03-13-12-38-46/img/image_76.png -59.086286 -11.244026 4.840523 [567.559076, 372.17035]
/mnt/gpid07/users/morros/VFOA/TRAYECTORIAS2020_03_13/M2020-03-13-12-38-46/img/image_77.png -71.600521 -4.084590 2.961807 [551.846375, 350.156281]
/mnt/gpid07/users/morros/VFOA/TRAYECTORIAS2020_03_13/M2020-03-13-12-38-46/img/image_78.png -85.262741 -3.950560 0.265168 [546.281921, 329.703339]
/mnt/gpid07/users/morros/VFOA/TRAYECTORIAS2020_03_13/M2020-03-13-12-38-46/img/image_79.png -90.276259 -1.222343 -0.923258 [545.826959, 327.673656]
/mnt/gpid07/users/morros/VFOA/TRAYECTORIAS2020_03_13/M2020-03-13-12-38-46/img/image_80.png -91.125207 1.722689 -3.316567 [545.832557, 327.65492]
/mnt/gpid07/users/morros/VFOA/TRAYECTORIAS2020_03_13/M2020-03-13-12-38-46/img/image_81.png -83.597611 4.561165 -4.248827 [545.837723, 327.673156]
/mnt/gpid07/users/morros/VFOA/TRAYECTORIAS2020_03_13/M2020-03-13-12-38-46/img/image_82.png -75.283521 5.361871 -4.087171 [545.838235, 327.675349]
/mnt/gpid07/users/morros/VFOA/TRAYECTORIAS2020_03_13/M2020-03-13-12-38-46/img/image_83.png -63.850021 4.440154 -3.146318 [545.83824, 327.675408]
/mnt/gpid07/users/morros/VFOA/TRAYECTORIAS2020_03_13/M2020-03-13-12-38-46/img/image_84.png -54.185685 3.960005 -2.077254 [545.838235, 327.675393]
/mnt/gpid07/users/morros/VFOA/TRAYECTORIAS2020_03_13/M2020-03-13-12-38-46/img/image_85.png -47.865971 3.344077 -2.185669 [545.838234, 327.67539]
/mnt/gpid07/users/morros/VFOA/TRAYECTORIAS2020_03_13/M2020-03-13-12-38-46/img/image_86.png -44.196461 3.234967 -2.749049 [545.838234, 327.67539]
/mnt/gpid07/users/morros/VFOA/TRAYECTORIAS2020_03_13/M2020-03-13-12-38-46/img/image_87.png -43.611221 2.912475 -3.490137 [545.838234, 327.67539]
/mnt/gpid07/users/morros/VFOA/TRAYECTORIAS2020_03_13/M2020-03-13-12-38-46/img/image_88.png -50.453139 2.281465 -3.871342 [545.838234, 327.67539]
/mnt/gpid07/users/morros/VFOA/TRAYECTORIAS2020_03_13/M2020-03-13-12-38-46/img/image_89.png -65.476801 1.427185 -4.479748 [545.838234, 327.67539]
/mnt/gpid07/users/morros/VFOA/TRAYECTORIAS2020_03_13/M2020-03-13-12-38-46/img/image_90.png -81.859438 1.302316 -3.795389 [545.838234, 327.67539]
/mnt/gpid07/users/morros/VFOA/TRAYECTORIAS2020_03_13/M2020-03-13-12-38-46/img/image_91.png -99.512421 -0.403067 -2.951365 [545.838234, 327.67539]
/mnt/gpid07/users/morros/VFOA/TRAYECTORIAS2020_03_13/M2020-03-13-12-38-46/img/image_92.png -114.154904 -1.040996 -2.576250 [545.838234, 327.67539]
/mnt/gpid07/users/morros/VFOA/TRAYECTORIAS2020_03_13/M2020-03-13-12-38-46/img/image_93.png -122.596729 0.965008 -1.620633 [545.838234, 327.67539]
/mnt/gpid07/users/morros/VFOA/TRAYECTORIAS2020_03_13/M2020-03-13-12-38-46/img/image_94.png -131.509212 1.936425 -1.005573 [484.088043, 269.233856]
/mnt/gpid07/users/morros/VFOA/TRAYECTORIAS2020_03_13/M2020-03-13-12-38-46/img/image_95.png -139.068472 0.420518 -2.143354 [472.737122, 260.097687]
/mnt/gpid07/users/morros/VFOA/TRAYECTORIAS2020_03_13/M2020-03-13-12-38-46/img/image_96.png -146.589128 -2.749735 -2.143963 [459.420288, 251.146393]
/mnt/gpid07/users/morros/VFOA/TRAYECTORIAS2020_03_13/M2020-03-13-12-38-46/img/image_97.png -152.583487 -3.421954 -1.169428 [441.177246, 249.383652]
/mnt/gpid07/users/morros/VFOA/TRAYECTORIAS2020_03_13/M2020-03-13-12-38-46/img/image_98.png -154.813790 -2.347612 -0.599311 [418.782928, 254.822067]
/mnt/gpid07/users/morros/VFOA/TRAYECTORIAS2020_03_13/M2020-03-13-12-38-46/img/image_99.png -156.569385 -0.534652 -0.757808 [398.36264, 263.699066]
/mnt/gpid07/users/morros/VFOA/TRAYECTORIAS2020_03_13/M2020-03-13-12-38-46/img/image_100.png -158.047389 1.358883 -1.957426 [375.401489, 278.760193]
/mnt/gpid07/users/morros/VFOA/TRAYECTORIAS2020_03_13/M2020-03-13-12-38-46/img/image_101.png -159.236938 0.168989 -1.470771 [352.963287, 301.605164]
/mnt/gpid07/users/morros/VFOA/TRAYECTORIAS2020_03_13/M2020-03-13-12-38-46/img/image_102.png -161.917875 -0.980490 -1.828541 [327.976349, 308.372101]
/mnt/gpid07/users/morros/VFOA/TRAYECTORIAS2020_03_13/M2020-03-13-12-38-46/img/image_103.png -168.007395 -0.368642 -1.883143 [302.900146, 318.001465]
/mnt/gpid07/users/morros/VFOA/TRAYECTORIAS2020_03_13/M2020-03-13-12-38-46/img/image_104.png -174.074898 2.131395 -1.258650 [276.7948, 314.232178]
/mnt/gpid07/users/morros/VFOA/TRAYECTORIAS2020_03_13/M2020-03-13-12-38-46/img/image_105.png -179.769095 3.212815 -0.982865 [257.677368, 308.026031]
/mnt/gpid07/users/morros/VFOA/TRAYECTORIAS2020_03_13/M2020-03-13-12-38-46/img/image_106.png 175.021565 2.221349 -0.946101 [244.168793, 300.249146]
/mnt/gpid07/users/morros/VFOA/TRAYECTORIAS2020_03_13/M2020-03-13-12-38-46/img/image_107.png 171.571096 2.633724 -0.716600 [230.617996, 293.151855]
/mnt/gpid07/users/morros/VFOA/TRAYECTORIAS2020_03_13/M2020-03-13-12-38-46/img/image_108.png 169.744659 2.677592 -1.428287 [218.88118, 288.64798]
/mnt/gpid07/users/morros/VFOA/TRAYECTORIAS2020_03_13/M2020-03-13-12-38-46/img/image_109.png 170.842606 3.679545 -2.365835 [207.903656, 288.958008]
/mnt/gpid07/users/morros/VFOA/TRAYECTORIAS2020_03_13/M2020-03-13-12-38-46/img/image_110.png 171.997291 4.077396 -3.622212 [194.453384, 288.38797]
/mnt/gpid07/users/morros/VFOA/TRAYECTORIAS2020_03_13/M2020-03-13-12-38-46/img/image_111.png 179.066656 3.428322 -3.262447 [189.433044, 287.601166]
/mnt/gpid07/users/morros/VFOA/TRAYECTORIAS2020_03_13/M2020-03-13-12-38-46/img/image_112.png -169.315117 3.162819 -2.394847 [188.028275, 286.460999]
/mnt/gpid07/users/morros/VFOA/TRAYECTORIAS2020_03_13/M2020-03-13-12-38-46/img/image_113.png -157.894915 2.608424 -2.000419 [185.461731, 284.229736]
/mnt/gpid07/users/morros/VFOA/TRAYECTORIAS2020_03_13/M2020-03-13-12-38-46/img/image_114.png -147.817475 1.931348 -1.685848 [183.869446, 279.279022]
/mnt/gpid07/users/morros/VFOA/TRAYECTORIAS2020_03_13/M2020-03-13-12-38-46/img/image_115.png -139.620318 0.248936 -1.236451 [181.625626, 270.759796]
/mnt/gpid07/users/morros/VFOA/TRAYECTORIAS2020_03_13/M2020-03-13-12-38-46/img/image_116.png -135.279803 -0.349061 -0.814067 [179.48793, 262.53006]
/mnt/gpid07/users/morros/VFOA/TRAYECTORIAS2020_03_13/M2020-03-13-12-38-46/img/image_117.png -135.352893 -1.434546 -0.822526 [178.218903, 257.074585]
/mnt/gpid07/users/morros/VFOA/TRAYECTORIAS2020_03_13/M2020-03-13-12-38-46/img/image_118.png -149.561931 -5.131177 -3.070666 [180.366821, 252.164932]
/mnt/gpid07/users/morros/VFOA/TRAYECTORIAS2020_03_13/M2020-03-13-12-38-46/img/image_119.png -166.342459 -8.355622 -3.821226 [173.260986, 252.896469]
/mnt/gpid07/users/morros/VFOA/TRAYECTORIAS2020_03_13/M2020-03-13-12-38-46/img/image_120.png -179.248821 -12.340649 -3.698499 [168.170929, 257.729309]
/mnt/gpid07/users/morros/VFOA/TRAYECTORIAS2020_03_13/M2020-03-13-12-38-46/img/image_121.png 167.108079 -21.649086 -1.585507 [151.742142, 259.94635]
/mnt/gpid07/users/morros/VFOA/TRAYECTORIAS2020_03_13/M2020-03-13-12-38-46/img/image_122.png 161.452662 -27.804516 -0.255296 [131.224136, 256.997192]
/mnt/gpid07/users/morros/VFOA/TRAYECTORIAS2020_03_13/M2020-03-13-12-38-46/img/image_123.png 158.912487 -32.370087 -0.548376 [110.130371, 248.279129]
/mnt/gpid07/users/morros/VFOA/TRAYECTORIAS2020_03_13/M2020-03-13-12-38-46/img/image_126.png 150.096876 -20.652933 0.434796 [108.012271, 247.342208]
/mnt/gpid07/users/morros/VFOA/TRAYECTORIAS2020_03_13/M2020-03-13-12-38-46/img/image_127.png 145.540218 -11.092441 2.824131 [108.014552, 247.343199]
/mnt/gpid07/users/morros/VFOA/TRAYECTORIAS2020_03_13/M2020-03-13-12-38-46/img/image_128.png 138.113501 -5.990539 2.654740 [145.054581, 246.3815]
/mnt/gpid07/users/morros/VFOA/TRAYECTORIAS2020_03_13/M2020-03-13-12-38-46/img/image_129.png 122.311639 -3.380171 1.052157 [165.86496, 248.668411]
/mnt/gpid07/users/morros/VFOA/TRAYECTORIAS2020_03_13/M2020-03-13-12-38-46/img/image_130.png 110.028491 -2.706752 2.378046 [186.266632, 255.809158]
/mnt/gpid07/users/morros/VFOA/TRAYECTORIAS2020_03_13/M2020-03-13-12-38-46/img/image_131.png 92.493674 -3.261379 2.275051 [197.86261, 258.410919]
/mnt/gpid07/users/morros/VFOA/TRAYECTORIAS2020_03_13/M2020-03-13-12-38-46/img/image_132.png 75.410517 -5.769525 3.125686 [200.296509, 254.639465]
/mnt/gpid07/users/morros/VFOA/TRAYECTORIAS2020_03_13/M2020-03-13-12-38-46/img/image_133.png 61.140175 -7.976098 2.730345 [200.448278, 254.198588]
/mnt/gpid07/users/morros/VFOA/TRAYECTORIAS2020_03_13/M2020-03-13-12-38-46/img/image_134.png 48.406119 -9.863652 1.649112 [200.440634, 254.187806]
/mnt/gpid07/users/morros/VFOA/TRAYECTORIAS2020_03_13/M2020-03-13-12-38-46/img/image_135.png 39.797876 -11.288683 1.313971 [211.741776, 215.998779]
/mnt/gpid07/users/morros/VFOA/TRAYECTORIAS2020_03_13/M2020-03-13-12-38-46/img/image_136.png 37.376189 -9.716605 0.656471 [224.247864, 214.532242]
/mnt/gpid07/users/morros/VFOA/TRAYECTORIAS2020_03_13/M2020-03-13-12-38-46/img/image_137.png 37.134281 -6.237504 -0.223501 [244.374756, 217.713196]
/mnt/gpid07/users/morros/VFOA/TRAYECTORIAS2020_03_13/M2020-03-13-12-38-46/img/image_138.png 35.253208 -4.297005 0.916235 [263.617035, 230.041031]
/mnt/gpid07/users/morros/VFOA/TRAYECTORIAS2020_03_13/M2020-03-13-12-38-46/img/image_139.png 33.892419 -3.710033 1.796275 [291.246735, 245.316193]
/mnt/gpid07/users/morros/VFOA/TRAYECTORIAS2020_03_13/M2020-03-13-12-38-46/img/image_140.png 31.945722 -3.289956 2.212390 [318.702393, 261.04129]
/mnt/gpid07/users/morros/VFOA/TRAYECTORIAS2020_03_13/M2020-03-13-12-38-46/img/image_141.png 30.770329 -3.116447 2.775851 [346.013153, 270.65802]
/mnt/gpid07/users/morros/VFOA/TRAYECTORIAS2020_03_13/M2020-03-13-12-38-46/img/image_142.png 29.335575 -2.433819 2.575870 [374.90976, 275.990936]
/mnt/gpid07/users/morros/VFOA/TRAYECTORIAS2020_03_13/M2020-03-13-12-38-46/img/image_143.png 28.209177 0.055158 3.365342 [401.504364, 274.419708]
/mnt/gpid07/users/morros/VFOA/TRAYECTORIAS2020_03_13/M2020-03-13-12-38-46/img/image_144.png 29.430578 -0.029520 2.323495 [432.605377, 263.282684]
/mnt/gpid07/users/morros/VFOA/TRAYECTORIAS2020_03_13/M2020-03-13-12-38-46/img/image_145.png 28.288896 -1.095355 0.731953 [469.230988, 249.549698]
/mnt/gpid07/users/morros/VFOA/TRAYECTORIAS2020_03_13/M2020-03-13-12-38-46/img/image_146.png 28.405501 -2.540476 -0.299219 [472.948795, 248.15044]
