/mnt/gpid07/users/morros/VFOA/TRAYECTORIAS2020_03_13/M2020-03-13-12-38-11/img/image_22.png -36.113194 5.330640 -3.791953 [550.0, 300.0]
/mnt/gpid07/users/morros/VFOA/TRAYECTORIAS2020_03_13/M2020-03-13-12-38-11/img/image_23.png -29.798265 6.347817 -4.258491 [547.801025, 250.309143]
/mnt/gpid07/users/morros/VFOA/TRAYECTORIAS2020_03_13/M2020-03-13-12-38-11/img/image_24.png -31.908725 4.404614 -4.929620 [517.99469, 253.538315]
/mnt/gpid07/users/morros/VFOA/TRAYECTORIAS2020_03_13/M2020-03-13-12-38-11/img/image_25.png -38.628534 3.155362 -5.142643 [497.559845, 260.09729]
/mnt/gpid07/users/morros/VFOA/TRAYECTORIAS2020_03_13/M2020-03-13-12-38-11/img/image_26.png -51.014485 2.640766 -3.881714 [495.632065, 261.283394]
/mnt/gpid07/users/morros/VFOA/TRAYECTORIAS2020_03_13/M2020-03-13-12-38-11/img/image_27.png -64.991454 1.852870 -3.068194 [495.624358, 261.348276]
/mnt/gpid07/users/morros/VFOA/TRAYECTORIAS2020_03_13/M2020-03-13-12-38-11/img/image_28.png -76.609008 0.635475 -2.442140 [495.642788, 261.343552]
/mnt/gpid07/users/morros/VFOA/TRAYECTORIAS2020_03_13/M2020-03-13-12-38-11/img/image_29.png -90.306689 0.005299 -1.910348 [495.644892, 261.342383]
/mnt/gpid07/users/morros/VFOA/TRAYECTORIAS2020_03_13/M2020-03-13-12-38-11/img/image_30.png -102.801843 -1.048359 -1.905603 [414.303894, 288.761017]
/mnt/gpid07/users/morros/VFOA/TRAYECTORIAS2020_03_13/M2020-03-13-12-38-11/img/image_31.png -113.151334 -1.981724 -2.177125 [386.03302, 286.114166]
/mnt/gpid07/users/morros/VFOA/TRAYECTORIAS2020_03_13/M2020-03-13-12-38-11/img/image_32.png -123.796423 -5.581848 -3.227641 [361.643463, 284.456909]
/mnt/gpid07/users/morros/VFOA/TRAYECTORIAS2020_03_13/M2020-03-13-12-38-11/img/image_33.png -129.716326 -13.100318 -2.683219 [345.497223, 285.6651]
/mnt/gpid07/users/morros/VFOA/TRAYECTORIAS2020_03_13/M2020-03-13-12-38-11/img/image_34.png -130.943806 -16.438488 -0.521131 [342.688416, 283.307312]
/mnt/gpid07/users/morros/VFOA/TRAYECTORIAS2020_03_13/M2020-03-13-12-38-11/img/image_35.png -137.945233 -24.171146 -1.122210 [349.699615, 277.902252]
/mnt/gpid07/users/morros/VFOA/TRAYECTORIAS2020_03_13/M2020-03-13-12-38-11/img/image_36.png -146.388585 -33.928223 -1.871974 [356.566895, 270.71048]
/mnt/gpid07/users/morros/VFOA/TRAYECTORIAS2020_03_13/M2020-03-13-12-38-11/img/image_37.png -162.532056 -42.783312 -0.460292 [365.084106, 265.889709]
/mnt/gpid07/users/morros/VFOA/TRAYECTORIAS2020_03_13/M2020-03-13-12-38-11/img/image_38.png -174.095772 -44.108535 0.222420 [370.998352, 265.588074]
/mnt/gpid07/users/morros/VFOA/TRAYECTORIAS2020_03_13/M2020-03-13-12-38-11/img/image_39.png 179.452969 -40.203657 0.601443 [368.781464, 264.536438]
/mnt/gpid07/users/morros/VFOA/TRAYECTORIAS2020_03_13/M2020-03-13-12-38-11/img/image_40.png 176.358496 -30.634843 0.360123 [368.478463, 264.423774]
/mnt/gpid07/users/morros/VFOA/TRAYECTORIAS2020_03_13/M2020-03-13-12-38-11/img/image_41.png 173.754323 -17.363415 -1.318252 [368.467302, 264.421898]
/mnt/gpid07/users/morros/VFOA/TRAYECTORIAS2020_03_13/M2020-03-13-12-38-11/img/image_42.png 171.953969 -11.315234 -2.279999 [368.469105, 264.422818]
/mnt/gpid07/users/morros/VFOA/TRAYECTORIAS2020_03_13/M2020-03-13-12-38-11/img/image_43.png 173.078675 -7.182613 -2.719037 [368.469414, 264.422938]
/mnt/gpid07/users/morros/VFOA/TRAYECTORIAS2020_03_13/M2020-03-13-12-38-11/img/image_44.png 171.017725 -4.122077 -2.204072 [343.239044, 306.05835]
/mnt/gpid07/users/morros/VFOA/TRAYECTORIAS2020_03_13/M2020-03-13-12-38-11/img/image_45.png 172.101678 0.355656 -1.138736 [337.445251, 315.780548]
/mnt/gpid07/users/morros/VFOA/TRAYECTORIAS2020_03_13/M2020-03-13-12-38-11/img/image_46.png 164.574683 3.725963 -0.462860 [324.227814, 327.088074]
/mnt/gpid07/users/morros/VFOA/TRAYECTORIAS2020_03_13/M2020-03-13-12-38-11/img/image_47.png 161.511960 4.464153 -0.326891 [313.524231, 328.70517]
/mnt/gpid07/users/morros/VFOA/TRAYECTORIAS2020_03_13/M2020-03-13-12-38-11/img/image_48.png 156.742589 3.324039 -0.496453 [296.745514, 317.865814]
/mnt/gpid07/users/morros/VFOA/TRAYECTORIAS2020_03_13/M2020-03-13-12-38-11/img/image_49.png 145.676893 2.977516 -2.973726 [271.496735, 303.977234]
/mnt/gpid07/users/morros/VFOA/TRAYECTORIAS2020_03_13/M2020-03-13-12-38-11/img/image_50.png 135.807312 1.823476 -2.106721 [258.848053, 283.291168]
/mnt/gpid07/users/morros/VFOA/TRAYECTORIAS2020_03_13/M2020-03-13-12-38-11/img/image_52.png 125.531426 0.298836 -0.675491 [263.41861, 257.606354]
/mnt/gpid07/users/morros/VFOA/TRAYECTORIAS2020_03_13/M2020-03-13-12-38-11/img/image_53.png 111.409830 -2.788244 -0.577757 [270.773529, 249.749435]
/mnt/gpid07/users/morros/VFOA/TRAYECTORIAS2020_03_13/M2020-03-13-12-38-11/img/image_54.png 98.365466 -4.882160 0.847843 [285.601471, 241.567581]
/mnt/gpid07/users/morros/VFOA/TRAYECTORIAS2020_03_13/M2020-03-13-12-38-11/img/image_55.png 88.549998 -4.085928 0.770017 [295.693695, 242.323242]
/mnt/gpid07/users/morros/VFOA/TRAYECTORIAS2020_03_13/M2020-03-13-12-38-11/img/image_56.png 82.444620 -2.257653 0.705194 [294.440125, 242.709351]
/mnt/gpid07/users/morros/VFOA/TRAYECTORIAS2020_03_13/M2020-03-13-12-38-11/img/image_57.png 74.837086 -2.201737 -0.006963 [280.863495, 249.098724]
/mnt/gpid07/users/morros/VFOA/TRAYECTORIAS2020_03_13/M2020-03-13-12-38-11/img/image_58.png 71.770125 -1.233121 -0.781065 [265.635651, 262.302551]
/mnt/gpid07/users/morros/VFOA/TRAYECTORIAS2020_03_13/M2020-03-13-12-38-11/img/image_59.png 71.641078 -0.911433 -1.503903 [245.594925, 272.816467]
/mnt/gpid07/users/morros/VFOA/TRAYECTORIAS2020_03_13/M2020-03-13-12-38-11/img/image_60.png 72.903502 -1.709784 -0.799979 [222.372253, 277.022675]
/mnt/gpid07/users/morros/VFOA/TRAYECTORIAS2020_03_13/M2020-03-13-12-38-11/img/image_61.png 73.778448 -1.867773 0.079351 [208.281708, 278.764557]
/mnt/gpid07/users/morros/VFOA/TRAYECTORIAS2020_03_13/M2020-03-13-12-38-11/img/image_62.png 75.785520 -6.330955 1.481936 [197.168594, 267.316956]
/mnt/gpid07/users/morros/VFOA/TRAYECTORIAS2020_03_13/M2020-03-13-12-38-11/img/image_63.png 69.632305 -5.914441 -0.040302 [190.869446, 251.093857]
/mnt/gpid07/users/morros/VFOA/TRAYECTORIAS2020_03_13/M2020-03-13-12-38-11/img/image_64.png 65.282115 -6.215260 -0.127527 [182.324387, 236.549179]
/mnt/gpid07/users/morros/VFOA/TRAYECTORIAS2020_03_13/M2020-03-13-12-38-11/img/image_65.png 49.821469 -7.171353 -0.521973 [173.292786, 221.510864]
/mnt/gpid07/users/morros/VFOA/TRAYECTORIAS2020_03_13/M2020-03-13-12-38-11/img/image_66.png 37.219520 -6.011208 -0.691526 [172.38476, 220.002096]
/mnt/gpid07/users/morros/VFOA/TRAYECTORIAS2020_03_13/M2020-03-13-12-38-11/img/image_67.png 24.860456 -5.516562 -0.452734 [172.375193, 219.986515]
/mnt/gpid07/users/morros/VFOA/TRAYECTORIAS2020_03_13/M2020-03-13-12-38-11/img/image_68.png 10.318666 -6.433594 -1.206459 [172.383221, 219.999889]
/mnt/gpid07/users/morros/VFOA/TRAYECTORIAS2020_03_13/M2020-03-13-12-38-11/img/image_69.png -2.781081 -6.252768 -1.156017 [172.3842, 220.001516]
/mnt/gpid07/users/morros/VFOA/TRAYECTORIAS2020_03_13/M2020-03-13-12-38-11/img/image_70.png -11.344543 -5.525515 -1.153838 [172.384227, 220.001561]
/mnt/gpid07/users/morros/VFOA/TRAYECTORIAS2020_03_13/M2020-03-13-12-38-11/img/image_71.png -15.027474 -3.816136 -2.118836 [127.880257, 199.408401]
/mnt/gpid07/users/morros/VFOA/TRAYECTORIAS2020_03_13/M2020-03-13-12-38-11/img/image_72.png -8.216215 -4.351262 -2.071942 [139.362228, 205.491074]
/mnt/gpid07/users/morros/VFOA/TRAYECTORIAS2020_03_13/M2020-03-13-12-38-11/img/image_73.png 8.322693 -4.003060 -1.755033 [157.68338, 210.394852]
/mnt/gpid07/users/morros/VFOA/TRAYECTORIAS2020_03_13/M2020-03-13-12-38-11/img/image_74.png 27.124498 -2.758198 -1.509423 [182.509689, 213.767609]
/mnt/gpid07/users/morros/VFOA/TRAYECTORIAS2020_03_13/M2020-03-13-12-38-11/img/image_75.png 48.795873 -3.514059 -1.615037 [185.057372, 214.089574]
/mnt/gpid07/users/morros/VFOA/TRAYECTORIAS2020_03_13/M2020-03-13-12-38-11/img/image_76.png 73.345191 -4.809753 -0.784192 [185.089354, 214.091263]
/mnt/gpid07/users/morros/VFOA/TRAYECTORIAS2020_03_13/M2020-03-13-12-38-11/img/image_77.png 93.340763 -6.906551 -1.182260 [185.067395, 214.088229]
/mnt/gpid07/users/morros/VFOA/TRAYECTORIAS2020_03_13/M2020-03-13-12-38-11/img/image_78.png 113.070273 -5.646390 -2.282943 [261.125336, 181.284241]
/mnt/gpid07/users/morros/VFOA/TRAYECTORIAS2020_03_13/M2020-03-13-12-38-11/img/image_79.png 127.843718 -3.695905 -3.047622 [267.407227, 174.281647]
/mnt/gpid07/users/morros/VFOA/TRAYECTORIAS2020_03_13/M2020-03-13-12-38-11/img/image_80.png 137.035043 -2.816389 -3.637170 [276.317108, 171.732117]
/mnt/gpid07/users/morros/VFOA/TRAYECTORIAS2020_03_13/M2020-03-13-12-38-11/img/image_81.png 144.024893 -2.148221 -3.046852 [281.770203, 173.411224]
/mnt/gpid07/users/morros/VFOA/TRAYECTORIAS2020_03_13/M2020-03-13-12-38-11/img/image_82.png 158.539080 -1.205288 -1.670284 [283.631836, 176.87944]
/mnt/gpid07/users/morros/VFOA/TRAYECTORIAS2020_03_13/M2020-03-13-12-38-11/img/image_83.png 168.540024 -2.107291 -0.952401 [280.501862, 173.725876]
/mnt/gpid07/users/morros/VFOA/TRAYECTORIAS2020_03_13/M2020-03-13-12-38-11/img/image_84.png 178.633990 -2.967367 -0.458798 [278.696472, 169.740753]
/mnt/gpid07/users/morros/VFOA/TRAYECTORIAS2020_03_13/M2020-03-13-12-38-11/img/image_85.png -169.031454 -4.297159 -1.110148 [281.17865, 166.380875]
/mnt/gpid07/users/morros/VFOA/TRAYECTORIAS2020_03_13/M2020-03-13-12-38-11/img/image_86.png -156.497841 -3.578046 -0.630063 [286.663727, 160.356369]
/mnt/gpid07/users/morros/VFOA/TRAYECTORIAS2020_03_13/M2020-03-13-12-38-11/img/image_87.png -144.993415 -4.958409 0.076810 [294.208466, 157.06131]
/mnt/gpid07/users/morros/VFOA/TRAYECTORIAS2020_03_13/M2020-03-13-12-38-11/img/image_88.png -134.787157 -6.030514 0.515420 [315.174866, 159.099899]
/mnt/gpid07/users/morros/VFOA/TRAYECTORIAS2020_03_13/M2020-03-13-12-38-11/img/image_89.png -130.264452 -4.539455 0.749471 [317.405722, 159.357095]
/mnt/gpid07/users/morros/VFOA/TRAYECTORIAS2020_03_13/M2020-03-13-12-38-11/img/image_90.png -127.668358 -7.647820 0.598437 [352.292572, 171.108688]
/mnt/gpid07/users/morros/VFOA/TRAYECTORIAS2020_03_13/M2020-03-13-12-38-11/img/image_91.png -119.924907 -12.099293 1.944941 [358.385468, 179.940384]
/mnt/gpid07/users/morros/VFOA/TRAYECTORIAS2020_03_13/M2020-03-13-12-38-11/img/image_92.png -115.454506 -15.432857 2.515464 [355.946198, 191.330414]
/mnt/gpid07/users/morros/VFOA/TRAYECTORIAS2020_03_13/M2020-03-13-12-38-11/img/image_93.png -111.399052 -14.394243 4.280374 [344.122467, 199.558243]
/mnt/gpid07/users/morros/VFOA/TRAYECTORIAS2020_03_13/M2020-03-13-12-38-11/img/image_94.png -101.639759 -11.841049 3.847463 [328.948883, 213.52832]
/mnt/gpid07/users/morros/VFOA/TRAYECTORIAS2020_03_13/M2020-03-13-12-38-11/img/image_95.png -93.544821 -10.274863 0.378541 [314.652985, 226.551773]
/mnt/gpid07/users/morros/VFOA/TRAYECTORIAS2020_03_13/M2020-03-13-12-38-11/img/image_96.png -82.502382 -9.274927 1.572743 [305.673584, 235.921783]
/mnt/gpid07/users/morros/VFOA/TRAYECTORIAS2020_03_13/M2020-03-13-12-38-11/img/image_97.png -71.046846 -8.802040 0.881471 [300.815521, 236.798233]
/mnt/gpid07/users/morros/VFOA/TRAYECTORIAS2020_03_13/M2020-03-13-12-38-11/img/image_98.png -65.415987 -9.305620 0.855404 [293.139862, 221.831299]
/mnt/gpid07/users/morros/VFOA/TRAYECTORIAS2020_03_13/M2020-03-13-12-38-11/img/image_99.png -62.077705 -10.407396 0.369277 [289.10025, 206.081589]
/mnt/gpid07/users/morros/VFOA/TRAYECTORIAS2020_03_13/M2020-03-13-12-38-11/img/image_100.png -61.454524 -11.421657 1.352430 [280.49762, 194.196182]
/mnt/gpid07/users/morros/VFOA/TRAYECTORIAS2020_03_13/M2020-03-13-12-38-11/img/image_101.png -50.508056 -10.630355 1.709014 [273.150269, 190.378082]
/mnt/gpid07/users/morros/VFOA/TRAYECTORIAS2020_03_13/M2020-03-13-12-38-11/img/image_102.png -39.124186 -9.639491 1.154728 [277.339539, 191.303787]
/mnt/gpid07/users/morros/VFOA/TRAYECTORIAS2020_03_13/M2020-03-13-12-38-11/img/image_103.png -30.984826 -8.667246 0.022280 [273.296997, 203.267883]
/mnt/gpid07/users/morros/VFOA/TRAYECTORIAS2020_03_13/M2020-03-13-12-38-11/img/image_104.png -25.090025 -8.926568 -0.319139 [272.810425, 204.574677]
/mnt/gpid07/users/morros/VFOA/TRAYECTORIAS2020_03_13/M2020-03-13-12-38-11/img/image_105.png -22.308620 -10.173758 1.463329 [275.55365, 234.6521]
/mnt/gpid07/users/morros/VFOA/TRAYECTORIAS2020_03_13/M2020-03-13-12-38-11/img/image_106.png -21.215987 -12.336921 1.862554 [275.86027, 237.947548]
/mnt/gpid07/users/morros/VFOA/TRAYECTORIAS2020_03_13/M2020-03-13-12-38-11/img/image_107.png -19.870430 -14.760344 0.838765 [295.803894, 253.537292]
/mnt/gpid07/users/morros/VFOA/TRAYECTORIAS2020_03_13/M2020-03-13-12-38-11/img/image_108.png -19.052548 -18.322182 -0.553013 [297.994626, 255.21921]
/mnt/gpid07/users/morros/VFOA/TRAYECTORIAS2020_03_13/M2020-03-13-12-38-11/img/image_109.png -20.569084 -24.071818 -1.700615 [298.036171, 255.248323]
/mnt/gpid07/users/morros/VFOA/TRAYECTORIAS2020_03_13/M2020-03-13-12-38-11/img/image_110.png -22.264819 -27.065558 -2.787244 [298.018833, 255.234707]
/mnt/gpid07/users/morros/VFOA/TRAYECTORIAS2020_03_13/M2020-03-13-12-38-11/img/image_111.png -22.056549 -28.849439 -3.677118 [305.984406, 246.292511]
/mnt/gpid07/users/morros/VFOA/TRAYECTORIAS2020_03_13/M2020-03-13-12-38-11/img/image_112.png -22.972474 -37.312844 -1.543414 [303.245514, 251.92804]
/mnt/gpid07/users/morros/VFOA/TRAYECTORIAS2020_03_13/M2020-03-13-12-38-11/img/image_113.png -23.559059 -38.332039 -0.802305 [311.227936, 255.899475]
/mnt/gpid07/users/morros/VFOA/TRAYECTORIAS2020_03_13/M2020-03-13-12-38-11/img/image_114.png -24.333631 -32.150158 -0.917622 [327.484375, 255.363785]
/mnt/gpid07/users/morros/VFOA/TRAYECTORIAS2020_03_13/M2020-03-13-12-38-11/img/image_115.png -28.015552 -23.549266 0.882113 [345.40448, 248.561859]
/mnt/gpid07/users/morros/VFOA/TRAYECTORIAS2020_03_13/M2020-03-13-12-38-11/img/image_116.png -30.028397 -10.774837 0.692830 [364.229797, 243.120026]
/mnt/gpid07/users/morros/VFOA/TRAYECTORIAS2020_03_13/M2020-03-13-12-38-11/img/image_117.png -35.160213 -2.565193 -1.033106 [377.402161, 235.003647]
/mnt/gpid07/users/morros/VFOA/TRAYECTORIAS2020_03_13/M2020-03-13-12-38-11/img/image_118.png -44.616904 -6.249394 -0.756835 [393.501923, 231.725632]
/mnt/gpid07/users/morros/VFOA/TRAYECTORIAS2020_03_13/M2020-03-13-12-38-11/img/image_119.png -52.358341 -6.990265 0.397695 [405.427277, 237.806061]
/mnt/gpid07/users/morros/VFOA/TRAYECTORIAS2020_03_13/M2020-03-13-12-38-11/img/image_120.png -61.810248 -5.226315 -0.106121 [420.257111, 255.396027]
/mnt/gpid07/users/morros/VFOA/TRAYECTORIAS2020_03_13/M2020-03-13-12-38-11/img/image_121.png -74.358503 -3.126318 0.270613 [430.746307, 279.493866]
/mnt/gpid07/users/morros/VFOA/TRAYECTORIAS2020_03_13/M2020-03-13-12-38-11/img/image_122.png -82.174915 -1.140993 0.604743 [450.139557, 311.105957]
/mnt/gpid07/users/morros/VFOA/TRAYECTORIAS2020_03_13/M2020-03-13-12-38-11/img/image_123.png -92.915260 -1.327886 1.308737 [460.040405, 331.21582]
/mnt/gpid07/users/morros/VFOA/TRAYECTORIAS2020_03_13/M2020-03-13-12-38-11/img/image_124.png -106.649322 -2.648182 1.651841 [476.905304, 351.290405]
/mnt/gpid07/users/morros/VFOA/TRAYECTORIAS2020_03_13/M2020-03-13-12-38-11/img/image_125.png -118.009753 -3.700503 1.172222 [478.661434, 353.297511]
/mnt/gpid07/users/morros/VFOA/TRAYECTORIAS2020_03_13/M2020-03-13-12-38-11/img/image_126.png -128.577559 -4.815017 2.073188 [500.377441, 362.402283]
/mnt/gpid07/users/morros/VFOA/TRAYECTORIAS2020_03_13/M2020-03-13-12-38-11/img/image_127.png -136.816719 -3.804264 3.523834 [497.33316, 348.929779]
/mnt/gpid07/users/morros/VFOA/TRAYECTORIAS2020_03_13/M2020-03-13-12-38-11/img/image_128.png -141.824529 -0.710647 3.471016 [490.782959, 323.058716]
/mnt/gpid07/users/morros/VFOA/TRAYECTORIAS2020_03_13/M2020-03-13-12-38-11/img/image_129.png -145.632493 -0.506451 2.741375 [477.111176, 299.037903]
/mnt/gpid07/users/morros/VFOA/TRAYECTORIAS2020_03_13/M2020-03-13-12-38-11/img/image_130.png -150.100973 -0.421026 0.433725 [471.282043, 276.044678]
/mnt/gpid07/users/morros/VFOA/TRAYECTORIAS2020_03_13/M2020-03-13-12-38-11/img/image_131.png -154.913350 -1.438194 -0.349697 [466.959381, 266.897308]
/mnt/gpid07/users/morros/VFOA/TRAYECTORIAS2020_03_13/M2020-03-13-12-38-11/img/image_132.png -159.695635 -1.019832 0.168907 [465.339203, 270.29599]
/mnt/gpid07/users/morros/VFOA/TRAYECTORIAS2020_03_13/M2020-03-13-12-38-11/img/image_133.png -162.775578 0.935091 0.929782 [452.69986, 273.052734]
/mnt/gpid07/users/morros/VFOA/TRAYECTORIAS2020_03_13/M2020-03-13-12-38-11/img/image_134.png -169.304364 2.711947 0.494174 [431.126221, 269.066071]
/mnt/gpid07/users/morros/VFOA/TRAYECTORIAS2020_03_13/M2020-03-13-12-38-11/img/image_135.png 171.782723 -0.261609 -0.849936 [428.879514, 268.59997]
/mnt/gpid07/users/morros/VFOA/TRAYECTORIAS2020_03_13/M2020-03-13-12-38-11/img/image_136.png 153.091220 -1.776264 -0.756009 [428.848112, 268.588566]
/mnt/gpid07/users/morros/VFOA/TRAYECTORIAS2020_03_13/M2020-03-13-12-38-11/img/image_137.png 130.263096 -4.566497 -0.968029 [428.867125, 268.591972]
/mnt/gpid07/users/morros/VFOA/TRAYECTORIAS2020_03_13/M2020-03-13-12-38-11/img/image_138.png 109.728922 -5.737160 -1.040544 [428.869531, 268.592461]
/mnt/gpid07/users/morros/VFOA/TRAYECTORIAS2020_03_13/M2020-03-13-12-38-11/img/image_139.png 93.246351 -7.094917 -0.299215 [351.365479, 285.477478]
/mnt/gpid07/users/morros/VFOA/TRAYECTORIAS2020_03_13/M2020-03-13-12-38-11/img/image_140.png 77.936282 -9.152108 -0.582653 [338.105103, 301.461975]
/mnt/gpid07/users/morros/VFOA/TRAYECTORIAS2020_03_13/M2020-03-13-12-38-11/img/image_141.png 67.148893 -8.469390 -0.354689 [328.652039, 314.749023]
/mnt/gpid07/users/morros/VFOA/TRAYECTORIAS2020_03_13/M2020-03-13-12-38-11/img/image_142.png 62.434494 -6.727119 -0.558951 [317.937622, 324.635864]
/mnt/gpid07/users/morros/VFOA/TRAYECTORIAS2020_03_13/M2020-03-13-12-38-11/img/image_143.png 58.525879 -5.437242 -0.806427 [303.313019, 327.146576]
/mnt/gpid07/users/morros/VFOA/TRAYECTORIAS2020_03_13/M2020-03-13-12-38-11/img/image_144.png 50.706807 -4.608462 1.339441 [285.906799, 327.654907]
/mnt/gpid07/users/morros/VFOA/TRAYECTORIAS2020_03_13/M2020-03-13-12-38-11/img/image_145.png 42.048286 -5.267522 2.299265 [273.904694, 312.158722]
/mnt/gpid07/users/morros/VFOA/TRAYECTORIAS2020_03_13/M2020-03-13-12-38-11/img/image_146.png 33.057104 -4.412794 1.976381 [264.088379, 296.091736]
/mnt/gpid07/users/morros/VFOA/TRAYECTORIAS2020_03_13/M2020-03-13-12-38-11/img/image_147.png 27.726742 -3.051763 1.927101 [258.145355, 281.122742]
/mnt/gpid07/users/morros/VFOA/TRAYECTORIAS2020_03_13/M2020-03-13-12-38-11/img/image_148.png 25.041825 -0.957474 1.716462 [253.488388, 268.564819]
/mnt/gpid07/users/morros/VFOA/TRAYECTORIAS2020_03_13/M2020-03-13-12-38-11/img/image_149.png 22.448139 -1.202829 1.293068 [246.673553, 261.362579]
/mnt/gpid07/users/morros/VFOA/TRAYECTORIAS2020_03_13/M2020-03-13-12-38-11/img/image_150.png 22.310859 -2.499195 1.279232 [234.675583, 254.678238]
/mnt/gpid07/users/morros/VFOA/TRAYECTORIAS2020_03_13/M2020-03-13-12-38-11/img/image_151.png 23.085539 -2.938733 0.675069 [228.025375, 250.508011]
/mnt/gpid07/users/morros/VFOA/TRAYECTORIAS2020_03_13/M2020-03-13-12-38-11/img/image_152.png 25.767748 -2.290822 0.219292 [227.413832, 250.116129]
/mnt/gpid07/users/morros/VFOA/TRAYECTORIAS2020_03_13/M2020-03-13-12-38-11/img/image_153.png 28.234203 -0.816443 0.600676 [227.413065, 250.114725]
/mnt/gpid07/users/morros/VFOA/TRAYECTORIAS2020_03_13/M2020-03-13-12-38-11/img/image_154.png 29.407927 -0.748979 1.143685 [227.419096, 250.118489]
/mnt/gpid07/users/morros/VFOA/TRAYECTORIAS2020_03_13/M2020-03-13-12-38-11/img/image_155.png 30.891805 -0.124240 1.729064 [227.419767, 250.118917]
/mnt/gpid07/users/morros/VFOA/TRAYECTORIAS2020_03_13/M2020-03-13-12-38-11/img/image_156.png 31.262767 -0.866959 1.335034 [227.41978, 250.118926]
/mnt/gpid07/users/morros/VFOA/TRAYECTORIAS2020_03_13/M2020-03-13-12-38-11/img/image_157.png 28.965841 -2.241510 0.876916 [303.791412, 258.750366]
/mnt/gpid07/users/morros/VFOA/TRAYECTORIAS2020_03_13/M2020-03-13-12-38-11/img/image_158.png 28.751506 -5.210391 0.582687 [326.67804, 259.638123]
/mnt/gpid07/users/morros/VFOA/TRAYECTORIAS2020_03_13/M2020-03-13-12-38-11/img/image_159.png 32.580142 -24.630922 -1.584291 [352.803925, 262.098145]
/mnt/gpid07/users/morros/VFOA/TRAYECTORIAS2020_03_13/M2020-03-13-12-38-11/img/image_160.png 36.393708 -57.407736 -8.759566 [381.867096, 257.690063]
