/mnt/gpid07/users/morros/VFOA/TRAYECTORIAS2020_03_13/M2020-03-13-12-39-54/img/image_24.png -13.852127 2.016363 0.332018 [550.0, 300.0]
/mnt/gpid07/users/morros/VFOA/TRAYECTORIAS2020_03_13/M2020-03-13-12-39-54/img/image_25.png -18.737679 1.961139 -0.478114 [550.0, 300.0]
/mnt/gpid07/users/morros/VFOA/TRAYECTORIAS2020_03_13/M2020-03-13-12-39-54/img/image_26.png -32.345065 1.839304 -1.323846 [523.243591, 275.145782]
/mnt/gpid07/users/morros/VFOA/TRAYECTORIAS2020_03_13/M2020-03-13-12-39-54/img/image_27.png -53.710066 -0.621750 -1.708753 [496.130707, 267.198639]
/mnt/gpid07/users/morros/VFOA/TRAYECTORIAS2020_03_13/M2020-03-13-12-39-54/img/image_28.png -71.083684 -2.439368 -0.094585 [482.712402, 270.775116]
/mnt/gpid07/users/morros/VFOA/TRAYECTORIAS2020_03_13/M2020-03-13-12-39-54/img/image_29.png -90.235721 -3.427502 -0.057011 [479.462097, 271.659119]
/mnt/gpid07/users/morros/VFOA/TRAYECTORIAS2020_03_13/M2020-03-13-12-39-54/img/image_30.png -99.635328 -4.148245 -0.375451 [480.368469, 272.738892]
/mnt/gpid07/users/morros/VFOA/TRAYECTORIAS2020_03_13/M2020-03-13-12-39-54/img/image_31.png -102.707256 -5.089149 -2.071312 [480.149933, 275.345551]
/mnt/gpid07/users/morros/VFOA/TRAYECTORIAS2020_03_13/M2020-03-13-12-39-54/img/image_32.png -105.041968 -2.243806 -0.114603 [486.959229, 275.188141]
/mnt/gpid07/users/morros/VFOA/TRAYECTORIAS2020_03_13/M2020-03-13-12-39-54/img/image_33.png -108.867895 -0.258503 2.525516 [499.076019, 277.289368]
/mnt/gpid07/users/morros/VFOA/TRAYECTORIAS2020_03_13/M2020-03-13-12-39-54/img/image_34.png -115.972402 -1.853208 3.666650 [500.340773, 277.522077]
/mnt/gpid07/users/morros/VFOA/TRAYECTORIAS2020_03_13/M2020-03-13-12-39-54/img/image_35.png -123.595098 -4.693506 3.042113 [530.232056, 288.96933]
/mnt/gpid07/users/morros/VFOA/TRAYECTORIAS2020_03_13/M2020-03-13-12-39-54/img/image_36.png -125.829677 -6.733108 2.369626 [533.507449, 290.226201]
/mnt/gpid07/users/morros/VFOA/TRAYECTORIAS2020_03_13/M2020-03-13-12-39-54/img/image_37.png -131.289721 -9.635433 2.623325 [533.56883, 290.249984]
/mnt/gpid07/users/morros/VFOA/TRAYECTORIAS2020_03_13/M2020-03-13-12-39-54/img/image_38.png -130.875898 -8.271878 5.072122 [511.987823, 266.65036]
/mnt/gpid07/users/morros/VFOA/TRAYECTORIAS2020_03_13/M2020-03-13-12-39-54/img/image_39.png -132.504419 -5.289153 7.113723 [493.960388, 255.6353]
/mnt/gpid07/users/morros/VFOA/TRAYECTORIAS2020_03_13/M2020-03-13-12-39-54/img/image_40.png -133.329541 -1.186663 6.435569 [492.19318, 254.659639]
/mnt/gpid07/users/morros/VFOA/TRAYECTORIAS2020_03_13/M2020-03-13-12-39-54/img/image_41.png -130.447225 -3.391262 5.260696 [444.410522, 250.374344]
/mnt/gpid07/users/morros/VFOA/TRAYECTORIAS2020_03_13/M2020-03-13-12-39-54/img/image_42.png -122.319832 -9.325230 5.275317 [413.524261, 252.523712]
/mnt/gpid07/users/morros/VFOA/TRAYECTORIAS2020_03_13/M2020-03-13-12-39-54/img/image_43.png -113.515616 -17.728015 2.819173 [382.672882, 261.444427]
/mnt/gpid07/users/morros/VFOA/TRAYECTORIAS2020_03_13/M2020-03-13-12-39-54/img/image_44.png -112.512428 -28.970778 -0.731567 [356.66272, 274.248718]
/mnt/gpid07/users/morros/VFOA/TRAYECTORIAS2020_03_13/M2020-03-13-12-39-54/img/image_45.png -116.684827 -42.233821 1.937017 [330.385193, 284.825806]
/mnt/gpid07/users/morros/VFOA/TRAYECTORIAS2020_03_13/M2020-03-13-12-39-54/img/image_46.png -111.676696 -49.534487 0.795493 [306.135284, 293.002014]
/mnt/gpid07/users/morros/VFOA/TRAYECTORIAS2020_03_13/M2020-03-13-12-39-54/img/image_47.png -111.834670 -50.930877 2.728951 [271.16037, 295.88089]
/mnt/gpid07/users/morros/VFOA/TRAYECTORIAS2020_03_13/M2020-03-13-12-39-54/img/image_48.png -109.330914 -42.567325 3.145935 [267.555628, 296.115804]
/mnt/gpid07/users/morros/VFOA/TRAYECTORIAS2020_03_13/M2020-03-13-12-39-54/img/image_49.png -108.884326 -35.472446 3.083591 [267.508856, 296.112856]
/mnt/gpid07/users/morros/VFOA/TRAYECTORIAS2020_03_13/M2020-03-13-12-39-54/img/image_50.png -109.980218 -24.958362 4.231941 [267.539758, 296.110183]
/mnt/gpid07/users/morros/VFOA/TRAYECTORIAS2020_03_13/M2020-03-13-12-39-54/img/image_52.png -114.930546 -13.740263 4.613113 [267.543742, 296.109916]
/mnt/gpid07/users/morros/VFOA/TRAYECTORIAS2020_03_13/M2020-03-13-12-39-54/img/image_53.png -124.550435 -6.639955 4.214011 [267.543716, 296.109918]
/mnt/gpid07/users/morros/VFOA/TRAYECTORIAS2020_03_13/M2020-03-13-12-39-54/img/image_54.png -160.752430 -0.991904 2.098350 [267.543712, 296.109918]
/mnt/gpid07/users/morros/VFOA/TRAYECTORIAS2020_03_13/M2020-03-13-12-39-54/img/image_55.png -176.699320 -4.067182 2.230854 [267.543712, 296.109918]
/mnt/gpid07/users/morros/VFOA/TRAYECTORIAS2020_03_13/M2020-03-13-12-39-54/img/image_56.png 169.667937 -8.224803 2.576655 [267.543712, 296.109918]
/mnt/gpid07/users/morros/VFOA/TRAYECTORIAS2020_03_13/M2020-03-13-12-39-54/img/image_58.png 168.335052 -5.923229 2.681376 [267.543712, 296.109918]
/mnt/gpid07/users/morros/VFOA/TRAYECTORIAS2020_03_13/M2020-03-13-12-39-54/img/image_59.png 164.533522 -3.142164 2.404257 [267.543712, 296.109918]
/mnt/gpid07/users/morros/VFOA/TRAYECTORIAS2020_03_13/M2020-03-13-12-39-54/img/image_60.png 154.420957 -2.222736 2.433284 [267.543712, 296.109918]
/mnt/gpid07/users/morros/VFOA/TRAYECTORIAS2020_03_13/M2020-03-13-12-39-54/img/image_61.png 138.903221 -1.108597 2.438599 [267.543712, 296.109918]
/mnt/gpid07/users/morros/VFOA/TRAYECTORIAS2020_03_13/M2020-03-13-12-39-54/img/image_62.png 121.358812 -0.683620 2.010415 [267.543712, 296.109918]
/mnt/gpid07/users/morros/VFOA/TRAYECTORIAS2020_03_13/M2020-03-13-12-39-54/img/image_63.png 110.218425 -0.825886 1.940013 [267.543712, 296.109918]
/mnt/gpid07/users/morros/VFOA/TRAYECTORIAS2020_03_13/M2020-03-13-12-39-54/img/image_64.png 102.434315 -0.730367 1.347060 [267.543712, 296.109918]
/mnt/gpid07/users/morros/VFOA/TRAYECTORIAS2020_03_13/M2020-03-13-12-39-54/img/image_65.png 101.657935 -0.939574 0.153295 [267.543712, 296.109918]
/mnt/gpid07/users/morros/VFOA/TRAYECTORIAS2020_03_13/M2020-03-13-12-39-54/img/image_66.png 98.909923 -1.666390 -1.328368 [183.777328, 289.093231]
/mnt/gpid07/users/morros/VFOA/TRAYECTORIAS2020_03_13/M2020-03-13-12-39-54/img/image_67.png 98.494531 -5.503918 -2.132855 [196.935883, 275.830536]
/mnt/gpid07/users/morros/VFOA/TRAYECTORIAS2020_03_13/M2020-03-13-12-39-54/img/image_68.png 98.240533 -7.203822 -1.915263 [203.00943, 267.595734]
/mnt/gpid07/users/morros/VFOA/TRAYECTORIAS2020_03_13/M2020-03-13-12-39-54/img/image_69.png 98.814543 -6.461778 -0.891491 [203.545935, 266.822532]
/mnt/gpid07/users/morros/VFOA/TRAYECTORIAS2020_03_13/M2020-03-13-12-39-54/img/image_70.png 93.017176 -6.951090 0.246933 [203.544215, 266.819828]
/mnt/gpid07/users/morros/VFOA/TRAYECTORIAS2020_03_13/M2020-03-13-12-39-54/img/image_71.png 91.080472 -5.628581 0.119370 [203.53866, 266.827263]
/mnt/gpid07/users/morros/VFOA/TRAYECTORIAS2020_03_13/M2020-03-13-12-39-54/img/image_72.png 89.144032 -5.543113 -0.559528 [203.538067, 266.828108]
/mnt/gpid07/users/morros/VFOA/TRAYECTORIAS2020_03_13/M2020-03-13-12-39-54/img/image_73.png 91.485025 -5.891240 -0.369375 [203.538057, 266.828126]
/mnt/gpid07/users/morros/VFOA/TRAYECTORIAS2020_03_13/M2020-03-13-12-39-54/img/image_74.png 96.622560 -6.705090 -0.230056 [203.538062, 266.82812]
/mnt/gpid07/users/morros/VFOA/TRAYECTORIAS2020_03_13/M2020-03-13-12-39-54/img/image_75.png 100.314500 -7.074453 0.012755 [203.538062, 266.828119]
/mnt/gpid07/users/morros/VFOA/TRAYECTORIAS2020_03_13/M2020-03-13-12-39-54/img/image_76.png 108.490351 -6.817237 1.726885 [203.538062, 266.828119]
/mnt/gpid07/users/morros/VFOA/TRAYECTORIAS2020_03_13/M2020-03-13-12-39-54/img/image_77.png 118.260664 -6.677607 1.458213 [203.538062, 266.828119]
/mnt/gpid07/users/morros/VFOA/TRAYECTORIAS2020_03_13/M2020-03-13-12-39-54/img/image_78.png 132.511470 -6.360524 0.631708 [203.538062, 266.828119]
/mnt/gpid07/users/morros/VFOA/TRAYECTORIAS2020_03_13/M2020-03-13-12-39-54/img/image_79.png 148.269791 -7.535225 -0.093943 [203.538062, 266.828119]
/mnt/gpid07/users/morros/VFOA/TRAYECTORIAS2020_03_13/M2020-03-13-12-39-54/img/image_80.png 160.776712 -10.052038 -1.308045 [203.538062, 266.828119]
/mnt/gpid07/users/morros/VFOA/TRAYECTORIAS2020_03_13/M2020-03-13-12-39-54/img/image_81.png 172.332832 -7.942668 -1.664968 [176.061844, 195.314774]
/mnt/gpid07/users/morros/VFOA/TRAYECTORIAS2020_03_13/M2020-03-13-12-39-54/img/image_82.png -179.828707 -5.556746 -2.196075 [168.390488, 194.279068]
/mnt/gpid07/users/morros/VFOA/TRAYECTORIAS2020_03_13/M2020-03-13-12-39-54/img/image_83.png -174.577500 -2.927067 -2.212829 [175.530273, 192.663956]
/mnt/gpid07/users/morros/VFOA/TRAYECTORIAS2020_03_13/M2020-03-13-12-39-54/img/image_84.png -172.985783 -2.561782 -2.146503 [195.702087, 185.928131]
/mnt/gpid07/users/morros/VFOA/TRAYECTORIAS2020_03_13/M2020-03-13-12-39-54/img/image_85.png -172.314977 -2.907719 -1.437104 [220.133804, 173.307922]
/mnt/gpid07/users/morros/VFOA/TRAYECTORIAS2020_03_13/M2020-03-13-12-39-54/img/image_86.png -169.315382 -2.154334 -0.690082 [235.779083, 165.158112]
/mnt/gpid07/users/morros/VFOA/TRAYECTORIAS2020_03_13/M2020-03-13-12-39-54/img/image_87.png -154.451441 -3.033338 0.590697 [247.883942, 165.217987]
/mnt/gpid07/users/morros/VFOA/TRAYECTORIAS2020_03_13/M2020-03-13-12-39-54/img/image_88.png -139.170173 -4.879340 0.618733 [259.157562, 173.201813]
/mnt/gpid07/users/morros/VFOA/TRAYECTORIAS2020_03_13/M2020-03-13-12-39-54/img/image_89.png -120.347796 -5.450394 1.358806 [265.179657, 181.561111]
/mnt/gpid07/users/morros/VFOA/TRAYECTORIAS2020_03_13/M2020-03-13-12-39-54/img/image_90.png -110.928959 -5.609797 0.370534 [263.859863, 190.816544]
/mnt/gpid07/users/morros/VFOA/TRAYECTORIAS2020_03_13/M2020-03-13-12-39-54/img/image_91.png -95.698430 -5.229631 1.463962 [262.919006, 205.297073]
/mnt/gpid07/users/morros/VFOA/TRAYECTORIAS2020_03_13/M2020-03-13-12-39-54/img/image_92.png -79.548403 -7.523638 -0.669014 [263.204742, 225.737076]
/mnt/gpid07/users/morros/VFOA/TRAYECTORIAS2020_03_13/M2020-03-13-12-39-54/img/image_93.png -63.993593 -9.033967 -1.842205 [257.156189, 240.71315]
/mnt/gpid07/users/morros/VFOA/TRAYECTORIAS2020_03_13/M2020-03-13-12-39-54/img/image_94.png -53.665439 -10.299371 -1.017664 [246.407532, 247.906952]
/mnt/gpid07/users/morros/VFOA/TRAYECTORIAS2020_03_13/M2020-03-13-12-39-54/img/image_95.png -52.037624 -10.981879 -1.383678 [234.472549, 246.189667]
/mnt/gpid07/users/morros/VFOA/TRAYECTORIAS2020_03_13/M2020-03-13-12-39-54/img/image_96.png -50.957031 -9.184672 -0.961582 [223.835449, 237.112427]
/mnt/gpid07/users/morros/VFOA/TRAYECTORIAS2020_03_13/M2020-03-13-12-39-54/img/image_97.png -48.636146 -8.195234 -1.704665 [222.784718, 236.131103]
/mnt/gpid07/users/morros/VFOA/TRAYECTORIAS2020_03_13/M2020-03-13-12-39-54/img/image_98.png -48.761731 -7.956553 -0.778506 [199.695145, 228.310928]
/mnt/gpid07/users/morros/VFOA/TRAYECTORIAS2020_03_13/M2020-03-13-12-39-54/img/image_99.png -45.621567 -9.128219 -0.254054 [206.096542, 229.607635]
/mnt/gpid07/users/morros/VFOA/TRAYECTORIAS2020_03_13/M2020-03-13-12-39-54/img/image_100.png -42.717347 -8.720333 -0.404377 [227.538681, 229.859177]
/mnt/gpid07/users/morros/VFOA/TRAYECTORIAS2020_03_13/M2020-03-13-12-39-54/img/image_101.png -38.516933 -4.701163 1.642409 [262.940216, 222.366516]
/mnt/gpid07/users/morros/VFOA/TRAYECTORIAS2020_03_13/M2020-03-13-12-39-54/img/image_102.png -44.714307 -5.394209 0.867922 [305.595612, 205.829071]
/mnt/gpid07/users/morros/VFOA/TRAYECTORIAS2020_03_13/M2020-03-13-12-39-54/img/image_103.png -45.307155 -7.877871 0.289082 [339.357208, 191.089264]
/mnt/gpid07/users/morros/VFOA/TRAYECTORIAS2020_03_13/M2020-03-13-12-39-54/img/image_104.png -33.508998 -12.941745 -0.441489 [361.389832, 181.719955]
/mnt/gpid07/users/morros/VFOA/TRAYECTORIAS2020_03_13/M2020-03-13-12-39-54/img/image_105.png -21.684861 -18.058301 -2.929066 [375.57959, 176.861176]
/mnt/gpid07/users/morros/VFOA/TRAYECTORIAS2020_03_13/M2020-03-13-12-39-54/img/image_106.png -17.563058 -29.334238 -5.460282 [381.123383, 178.539352]
/mnt/gpid07/users/morros/VFOA/TRAYECTORIAS2020_03_13/M2020-03-13-12-39-54/img/image_107.png -16.127862 -36.997403 -5.805977 [383.290344, 182.437698]
/mnt/gpid07/users/morros/VFOA/TRAYECTORIAS2020_03_13/M2020-03-13-12-39-54/img/image_108.png -17.898955 -39.462219 -4.071714 [381.472015, 192.613037]
/mnt/gpid07/users/morros/VFOA/TRAYECTORIAS2020_03_13/M2020-03-13-12-39-54/img/image_109.png -21.842825 -38.462199 -3.509887 [383.379608, 213.356796]
/mnt/gpid07/users/morros/VFOA/TRAYECTORIAS2020_03_13/M2020-03-13-12-39-54/img/image_110.png -24.665553 -36.944717 -3.824296 [385.606171, 236.917953]
/mnt/gpid07/users/morros/VFOA/TRAYECTORIAS2020_03_13/M2020-03-13-12-39-54/img/image_111.png -27.387576 -35.419498 -3.007517 [388.909485, 256.447998]
/mnt/gpid07/users/morros/VFOA/TRAYECTORIAS2020_03_13/M2020-03-13-12-39-54/img/image_112.png -26.180538 -33.289119 -1.906685 [389.250584, 258.360691]
/mnt/gpid07/users/morros/VFOA/TRAYECTORIAS2020_03_13/M2020-03-13-12-39-54/img/image_113.png -16.069174 -24.769372 -1.003217 [425.141846, 292.266113]
/mnt/gpid07/users/morros/VFOA/TRAYECTORIAS2020_03_13/M2020-03-13-12-39-54/img/image_114.png -2.026790 -15.382128 -0.554524 [436.223022, 299.330261]
/mnt/gpid07/users/morros/VFOA/TRAYECTORIAS2020_03_13/M2020-03-13-12-39-54/img/image_115.png 12.178529 -7.578877 0.056553 [437.083039, 299.768263]
/mnt/gpid07/users/morros/VFOA/TRAYECTORIAS2020_03_13/M2020-03-13-12-39-54/img/image_116.png 19.633637 -4.401814 0.423120 [455.04834, 300.368683]
/mnt/gpid07/users/morros/VFOA/TRAYECTORIAS2020_03_13/M2020-03-13-12-39-54/img/image_117.png 25.071712 -2.353353 0.181406 [460.779999, 295.145355]
/mnt/gpid07/users/morros/VFOA/TRAYECTORIAS2020_03_13/M2020-03-13-12-39-54/img/image_118.png 27.253721 -2.144155 0.338314 [469.408569, 280.836945]
/mnt/gpid07/users/morros/VFOA/TRAYECTORIAS2020_03_13/M2020-03-13-12-39-54/img/image_119.png 26.195841 -1.872554 0.592013 [479.530273, 257.553406]
/mnt/gpid07/users/morros/VFOA/TRAYECTORIAS2020_03_13/M2020-03-13-12-39-54/img/image_120.png 27.064133 -0.696582 1.623511 [492.244476, 228.837311]
