/mnt/gpid07/users/morros/VFOA/TRAYECTORIAS2020_03_13/M2020-03-13-10-49-53/img/image_14.png -72.298489 -1.463309 5.086342 [550.0, 300.0]
/mnt/gpid07/users/morros/VFOA/TRAYECTORIAS2020_03_13/M2020-03-13-10-49-53/img/image_15.png -63.829883 -2.730125 4.034263 [550.0, 300.0]
/mnt/gpid07/users/morros/VFOA/TRAYECTORIAS2020_03_13/M2020-03-13-10-49-53/img/image_16.png -58.815235 -3.417996 1.883374 [550.0, 300.0]
/mnt/gpid07/users/morros/VFOA/TRAYECTORIAS2020_03_13/M2020-03-13-10-49-53/img/image_17.png -52.634332 -3.127144 1.008525 [509.632385, 260.768646]
/mnt/gpid07/users/morros/VFOA/TRAYECTORIAS2020_03_13/M2020-03-13-10-49-53/img/image_18.png -45.273593 -1.726343 3.001627 [477.348755, 261.386261]
/mnt/gpid07/users/morros/VFOA/TRAYECTORIAS2020_03_13/M2020-03-13-10-49-53/img/image_19.png -44.813972 -2.183401 3.396697 [469.357118, 257.13875]
/mnt/gpid07/users/morros/VFOA/TRAYECTORIAS2020_03_13/M2020-03-13-10-49-53/img/image_20.png -45.884518 -2.947525 3.093764 [416.293518, 254.622894]
/mnt/gpid07/users/morros/VFOA/TRAYECTORIAS2020_03_13/M2020-03-13-10-49-53/img/image_21.png -47.503858 -2.444312 2.920584 [401.52359, 254.35611]
/mnt/gpid07/users/morros/VFOA/TRAYECTORIAS2020_03_13/M2020-03-13-10-49-53/img/image_22.png -49.603670 -2.865756 3.522922 [394.666931, 258.617035]
/mnt/gpid07/users/morros/VFOA/TRAYECTORIAS2020_03_13/M2020-03-13-10-49-53/img/image_23.png -56.652106 -2.895885 3.676415 [396.450012, 268.55896]
/mnt/gpid07/users/morros/VFOA/TRAYECTORIAS2020_03_13/M2020-03-13-10-49-53/img/image_24.png -69.658760 -3.361485 3.985285 [396.714718, 269.609962]
/mnt/gpid07/users/morros/VFOA/TRAYECTORIAS2020_03_13/M2020-03-13-10-49-53/img/image_25.png -79.562637 -2.192104 4.899539 [396.726005, 269.626153]
/mnt/gpid07/users/morros/VFOA/TRAYECTORIAS2020_03_13/M2020-03-13-10-49-53/img/image_26.png -93.190300 0.972389 5.223574 [396.724599, 269.617424]
/mnt/gpid07/users/morros/VFOA/TRAYECTORIAS2020_03_13/M2020-03-13-10-49-53/img/image_27.png -107.890717 2.081403 5.388045 [396.724332, 269.616302]
/mnt/gpid07/users/morros/VFOA/TRAYECTORIAS2020_03_13/M2020-03-13-10-49-53/img/image_28.png -117.794244 1.511134 5.320906 [401.069153, 282.858765]
/mnt/gpid07/users/morros/VFOA/TRAYECTORIAS2020_03_13/M2020-03-13-10-49-53/img/image_29.png -127.211164 1.849968 5.430345 [399.058044, 271.988953]
/mnt/gpid07/users/morros/VFOA/TRAYECTORIAS2020_03_13/M2020-03-13-10-49-53/img/image_30.png -133.378686 1.237436 5.868657 [398.087677, 267.328369]
/mnt/gpid07/users/morros/VFOA/TRAYECTORIAS2020_03_13/M2020-03-13-10-49-53/img/image_31.png -138.488258 1.686361 5.936014 [397.393066, 271.563385]
/mnt/gpid07/users/morros/VFOA/TRAYECTORIAS2020_03_13/M2020-03-13-10-49-53/img/image_32.png -143.986565 1.787103 6.357523 [398.056885, 284.652985]
/mnt/gpid07/users/morros/VFOA/TRAYECTORIAS2020_03_13/M2020-03-13-10-49-53/img/image_33.png -150.760382 0.566201 6.894504 [394.283966, 300.036377]
/mnt/gpid07/users/morros/VFOA/TRAYECTORIAS2020_03_13/M2020-03-13-10-49-53/img/image_34.png -156.758163 -0.147217 7.340123 [390.40271, 308.601257]
/mnt/gpid07/users/morros/VFOA/TRAYECTORIAS2020_03_13/M2020-03-13-10-49-53/img/image_35.png -164.886831 0.469475 6.837673 [388.408691, 309.60321]
/mnt/gpid07/users/morros/VFOA/TRAYECTORIAS2020_03_13/M2020-03-13-10-49-53/img/image_36.png -168.095421 -0.802598 6.049847 [387.089813, 303.758209]
/mnt/gpid07/users/morros/VFOA/TRAYECTORIAS2020_03_13/M2020-03-13-10-49-53/img/image_37.png -169.067871 -7.534181 5.340227 [385.849091, 291.488861]
/mnt/gpid07/users/morros/VFOA/TRAYECTORIAS2020_03_13/M2020-03-13-10-49-53/img/image_38.png -167.011787 -20.233289 5.087898 [376.07428, 271.944946]
/mnt/gpid07/users/morros/VFOA/TRAYECTORIAS2020_03_13/M2020-03-13-10-49-53/img/image_39.png -167.816390 -33.672531 5.192914 [361.152161, 254.267685]
/mnt/gpid07/users/morros/VFOA/TRAYECTORIAS2020_03_13/M2020-03-13-10-49-53/img/image_40.png -168.707800 -41.569211 4.283196 [336.413849, 241.471207]
/mnt/gpid07/users/morros/VFOA/TRAYECTORIAS2020_03_13/M2020-03-13-10-49-53/img/image_41.png -170.501134 -44.512368 4.576569 [316.501617, 234.402756]
/mnt/gpid07/users/morros/VFOA/TRAYECTORIAS2020_03_13/M2020-03-13-10-49-53/img/image_42.png -170.034212 -42.666747 3.894858 [315.996826, 237.946854]
/mnt/gpid07/users/morros/VFOA/TRAYECTORIAS2020_03_13/M2020-03-13-10-49-53/img/image_43.png -170.559097 -39.638041 3.860319 [319.240387, 240.202942]
/mnt/gpid07/users/morros/VFOA/TRAYECTORIAS2020_03_13/M2020-03-13-10-49-53/img/image_44.png -171.384632 -32.145229 4.300578 [321.173889, 239.113373]
/mnt/gpid07/users/morros/VFOA/TRAYECTORIAS2020_03_13/M2020-03-13-10-49-53/img/image_45.png -167.554708 -23.401296 2.119002 [333.724884, 241.305984]
/mnt/gpid07/users/morros/VFOA/TRAYECTORIAS2020_03_13/M2020-03-13-10-49-53/img/image_46.png -158.410872 -12.380034 0.722322 [357.242218, 241.473038]
/mnt/gpid07/users/morros/VFOA/TRAYECTORIAS2020_03_13/M2020-03-13-10-49-53/img/image_47.png -154.917202 -3.521460 -0.632290 [375.327759, 240.655182]
/mnt/gpid07/users/morros/VFOA/TRAYECTORIAS2020_03_13/M2020-03-13-10-49-53/img/image_48.png -154.450966 1.424029 -1.391862 [388.602905, 237.286057]
/mnt/gpid07/users/morros/VFOA/TRAYECTORIAS2020_03_13/M2020-03-13-10-49-53/img/image_49.png -153.448093 2.201796 -1.677124 [395.1698, 235.483643]
/mnt/gpid07/users/morros/VFOA/TRAYECTORIAS2020_03_13/M2020-03-13-10-49-53/img/image_50.png -153.437123 0.553259 -1.025436 [389.96698, 235.866531]
/mnt/gpid07/users/morros/VFOA/TRAYECTORIAS2020_03_13/M2020-03-13-10-49-53/img/image_51.png -153.828398 2.284152 -0.060682 [373.34848, 242.690659]
/mnt/gpid07/users/morros/VFOA/TRAYECTORIAS2020_03_13/M2020-03-13-10-49-53/img/image_52.png -149.669320 2.167360 0.366255 [354.293091, 250.271378]
/mnt/gpid07/users/morros/VFOA/TRAYECTORIAS2020_03_13/M2020-03-13-10-49-53/img/image_53.png -142.911857 2.032019 0.697894 [337.121277, 259.110168]
/mnt/gpid07/users/morros/VFOA/TRAYECTORIAS2020_03_13/M2020-03-13-10-49-53/img/image_54.png -133.266290 1.769512 1.566660 [322.437378, 263.700348]
/mnt/gpid07/users/morros/VFOA/TRAYECTORIAS2020_03_13/M2020-03-13-10-49-53/img/image_55.png -122.359173 0.969907 1.291620 [308.641022, 262.526276]
/mnt/gpid07/users/morros/VFOA/TRAYECTORIAS2020_03_13/M2020-03-13-10-49-53/img/image_56.png -110.245319 -0.222090 1.089281 [293.303101, 255.131332]
/mnt/gpid07/users/morros/VFOA/TRAYECTORIAS2020_03_13/M2020-03-13-10-49-53/img/image_57.png -100.489753 0.365182 0.920341 [291.753893, 254.329629]
/mnt/gpid07/users/morros/VFOA/TRAYECTORIAS2020_03_13/M2020-03-13-10-49-53/img/image_58.png -93.479912 0.455318 0.180932 [291.736859, 254.315391]
/mnt/gpid07/users/morros/VFOA/TRAYECTORIAS2020_03_13/M2020-03-13-10-49-53/img/image_59.png -90.354193 0.784711 -1.086625 [291.750478, 254.321842]
/mnt/gpid07/users/morros/VFOA/TRAYECTORIAS2020_03_13/M2020-03-13-10-49-53/img/image_60.png -90.136153 -2.888334 -1.810276 [291.752146, 254.322694]
/mnt/gpid07/users/morros/VFOA/TRAYECTORIAS2020_03_13/M2020-03-13-10-49-53/img/image_61.png -92.698425 -12.279358 -0.889851 [291.752193, 254.322724]
/mnt/gpid07/users/morros/VFOA/TRAYECTORIAS2020_03_13/M2020-03-13-10-49-53/img/image_62.png -94.874064 -23.635499 0.069958 [291.752182, 254.322718]
/mnt/gpid07/users/morros/VFOA/TRAYECTORIAS2020_03_13/M2020-03-13-10-49-53/img/image_63.png -93.895826 -32.051453 0.023394 [291.75218, 254.322717]
/mnt/gpid07/users/morros/VFOA/TRAYECTORIAS2020_03_13/M2020-03-13-10-49-53/img/image_64.png -94.532791 -37.794919 0.290594 [291.75218, 254.322717]
/mnt/gpid07/users/morros/VFOA/TRAYECTORIAS2020_03_13/M2020-03-13-10-49-53/img/image_65.png -95.719299 -42.798543 0.833169 [291.75218, 254.322717]
/mnt/gpid07/users/morros/VFOA/TRAYECTORIAS2020_03_13/M2020-03-13-10-49-53/img/image_66.png -95.188766 -45.806524 0.682173 [291.75218, 254.322717]
/mnt/gpid07/users/morros/VFOA/TRAYECTORIAS2020_03_13/M2020-03-13-10-49-53/img/image_67.png -94.480549 -46.089070 0.686144 [291.75218, 254.322717]
/mnt/gpid07/users/morros/VFOA/TRAYECTORIAS2020_03_13/M2020-03-13-10-49-53/img/image_68.png -94.700997 -42.858864 1.449230 [291.75218, 254.322717]
/mnt/gpid07/users/morros/VFOA/TRAYECTORIAS2020_03_13/M2020-03-13-10-49-53/img/image_69.png -93.173320 -35.647444 1.364331 [291.75218, 254.322717]
/mnt/gpid07/users/morros/VFOA/TRAYECTORIAS2020_03_13/M2020-03-13-10-49-53/img/image_70.png -87.363433 -25.477397 -1.089418 [291.75218, 254.322717]
/mnt/gpid07/users/morros/VFOA/TRAYECTORIAS2020_03_13/M2020-03-13-10-49-53/img/image_71.png -83.170958 -14.523363 -1.715501 [291.75218, 254.322717]
/mnt/gpid07/users/morros/VFOA/TRAYECTORIAS2020_03_13/M2020-03-13-10-49-53/img/image_73.png -63.398162 -7.121114 -1.092221 [291.75218, 254.322717]
/mnt/gpid07/users/morros/VFOA/TRAYECTORIAS2020_03_13/M2020-03-13-10-49-53/img/image_74.png -51.847579 -5.724592 -1.347998 [229.183121, 212.045563]
/mnt/gpid07/users/morros/VFOA/TRAYECTORIAS2020_03_13/M2020-03-13-10-49-53/img/image_75.png -42.306183 -5.455234 -2.171761 [219.386978, 208.630402]
/mnt/gpid07/users/morros/VFOA/TRAYECTORIAS2020_03_13/M2020-03-13-10-49-53/img/image_76.png -34.958466 -3.066095 -2.646465 [209.090469, 208.54509]
/mnt/gpid07/users/morros/VFOA/TRAYECTORIAS2020_03_13/M2020-03-13-10-49-53/img/image_77.png -29.697577 -2.405225 -2.532671 [205.859802, 209.356583]
/mnt/gpid07/users/morros/VFOA/TRAYECTORIAS2020_03_13/M2020-03-13-10-49-53/img/image_78.png -26.876075 -0.624406 -1.864651 [215.161453, 209.005493]
/mnt/gpid07/users/morros/VFOA/TRAYECTORIAS2020_03_13/M2020-03-13-10-49-53/img/image_79.png -19.698774 0.100732 -0.304664 [235.30748, 203.378998]
/mnt/gpid07/users/morros/VFOA/TRAYECTORIAS2020_03_13/M2020-03-13-10-49-53/img/image_80.png -15.241136 0.375003 -0.259512 [261.7995, 199.818054]
/mnt/gpid07/users/morros/VFOA/TRAYECTORIAS2020_03_13/M2020-03-13-10-49-53/img/image_81.png -10.053062 0.991410 0.087674 [290.857117, 200.130463]
/mnt/gpid07/users/morros/VFOA/TRAYECTORIAS2020_03_13/M2020-03-13-10-49-53/img/image_82.png -4.980699 -0.188771 1.058946 [311.874725, 199.111252]
/mnt/gpid07/users/morros/VFOA/TRAYECTORIAS2020_03_13/M2020-03-13-10-49-53/img/image_83.png -2.295187 -1.430834 0.514901 [327.430206, 203.378769]
/mnt/gpid07/users/morros/VFOA/TRAYECTORIAS2020_03_13/M2020-03-13-10-49-53/img/image_84.png 0.412790 -1.509998 0.129518 [337.060669, 216.875931]
/mnt/gpid07/users/morros/VFOA/TRAYECTORIAS2020_03_13/M2020-03-13-10-49-53/img/image_85.png 1.341541 -2.841568 0.044618 [339.877075, 235.704636]
/mnt/gpid07/users/morros/VFOA/TRAYECTORIAS2020_03_13/M2020-03-13-10-49-53/img/image_86.png 1.442166 -6.291484 0.379300 [341.899628, 259.54718]
/mnt/gpid07/users/morros/VFOA/TRAYECTORIAS2020_03_13/M2020-03-13-10-49-53/img/image_87.png 1.934752 -12.151582 0.804878 [348.561707, 282.05304]
/mnt/gpid07/users/morros/VFOA/TRAYECTORIAS2020_03_13/M2020-03-13-10-49-53/img/image_88.png 2.639067 -21.459171 1.761538 [358.895996, 297.342041]
/mnt/gpid07/users/morros/VFOA/TRAYECTORIAS2020_03_13/M2020-03-13-10-49-53/img/image_89.png 2.785140 -30.949614 2.198816 [371.071045, 312.10376]
/mnt/gpid07/users/morros/VFOA/TRAYECTORIAS2020_03_13/M2020-03-13-10-49-53/img/image_90.png 2.981209 -34.244150 2.049906 [386.758209, 323.774048]
/mnt/gpid07/users/morros/VFOA/TRAYECTORIAS2020_03_13/M2020-03-13-10-49-53/img/image_91.png 3.298514 -33.940934 1.954450 [398.245056, 331.669952]
/mnt/gpid07/users/morros/VFOA/TRAYECTORIAS2020_03_13/M2020-03-13-10-49-53/img/image_92.png 3.452585 -31.748536 1.699078 [399.496765, 332.503845]
/mnt/gpid07/users/morros/VFOA/TRAYECTORIAS2020_03_13/M2020-03-13-10-49-53/img/image_93.png 6.036446 -27.681529 0.985540 [393.83197, 324.803772]
/mnt/gpid07/users/morros/VFOA/TRAYECTORIAS2020_03_13/M2020-03-13-10-49-53/img/image_94.png 8.905353 -16.915175 -0.630681 [393.196326, 323.948425]
/mnt/gpid07/users/morros/VFOA/TRAYECTORIAS2020_03_13/M2020-03-13-10-49-53/img/image_95.png 11.673624 -6.711425 -2.440833 [378.69986, 316.12439]
/mnt/gpid07/users/morros/VFOA/TRAYECTORIAS2020_03_13/M2020-03-13-10-49-53/img/image_96.png 14.851692 1.385068 -3.086571 [369.536621, 309.807648]
/mnt/gpid07/users/morros/VFOA/TRAYECTORIAS2020_03_13/M2020-03-13-10-49-53/img/image_97.png 21.125100 3.370246 -2.229312 [368.228302, 303.110168]
/mnt/gpid07/users/morros/VFOA/TRAYECTORIAS2020_03_13/M2020-03-13-10-49-53/img/image_98.png 27.370331 4.409202 0.134838 [377.591095, 292.608246]
/mnt/gpid07/users/morros/VFOA/TRAYECTORIAS2020_03_13/M2020-03-13-10-49-53/img/image_99.png 33.331641 4.107823 2.776063 [395.26355, 274.148376]
/mnt/gpid07/users/morros/VFOA/TRAYECTORIAS2020_03_13/M2020-03-13-10-49-53/img/image_100.png 37.654542 3.335857 4.319485 [412.490662, 256.746063]
/mnt/gpid07/users/morros/VFOA/TRAYECTORIAS2020_03_13/M2020-03-13-10-49-53/img/image_101.png 39.388288 2.136074 3.376234 [432.637817, 250.321518]
/mnt/gpid07/users/morros/VFOA/TRAYECTORIAS2020_03_13/M2020-03-13-10-49-53/img/image_102.png 41.296642 1.904559 1.493334 [453.154022, 253.697556]
/mnt/gpid07/users/morros/VFOA/TRAYECTORIAS2020_03_13/M2020-03-13-10-49-53/img/image_103.png 44.652478 -2.412819 -0.191290 [477.753784, 268.634796]
/mnt/gpid07/users/morros/VFOA/TRAYECTORIAS2020_03_13/M2020-03-13-10-49-53/img/image_104.png 56.056812 -24.264015 -3.863553 [497.426025, 275.166931]
/mnt/gpid07/users/morros/VFOA/TRAYECTORIAS2020_03_13/M2020-03-13-10-49-53/img/image_105.png 67.351122 -55.212290 -16.601051 [511.676117, 271.132843]
/mnt/gpid07/users/morros/VFOA/TRAYECTORIAS2020_03_13/M2020-03-13-10-49-53/img/image_106.png 137.061958 -84.763793 -90.590200 [517.68866, 263.155121]
/mnt/gpid07/users/morros/VFOA/TRAYECTORIAS2020_03_13/M2020-03-13-10-49-53/img/image_107.png -157.986294 -83.256703 -156.813682 [518.826416, 256.29187]
/mnt/gpid07/users/morros/VFOA/TRAYECTORIAS2020_03_13/M2020-03-13-10-49-53/img/image_108.png 176.151644 -87.741116 -128.894224 [520.507996, 253.809494]
/mnt/gpid07/users/morros/VFOA/TRAYECTORIAS2020_03_13/M2020-03-13-10-49-53/img/image_109.png 82.334361 -80.698235 -36.035610 [525.630981, 251.665146]
/mnt/gpid07/users/morros/VFOA/TRAYECTORIAS2020_03_13/M2020-03-13-10-49-53/img/image_111.png 37.504833 -54.987489 1.273332 [535.016907, 251.667023]
/mnt/gpid07/users/morros/VFOA/TRAYECTORIAS2020_03_13/M2020-03-13-10-49-53/img/image_112.png 29.572073 -41.173991 8.328124 [536.42572, 258.200195]
/mnt/gpid07/users/morros/VFOA/TRAYECTORIAS2020_03_13/M2020-03-13-10-49-53/img/image_113.png 33.117326 -34.662462 2.597691 [536.492298, 258.916715]
/mnt/gpid07/users/morros/VFOA/TRAYECTORIAS2020_03_13/M2020-03-13-10-49-53/img/image_114.png 30.717770 -29.220897 -3.134165 [544.4104, 287.587921]
/mnt/gpid07/users/morros/VFOA/TRAYECTORIAS2020_03_13/M2020-03-13-10-49-53/img/image_115.png 24.714977 -25.630843 -7.014321 [558.204651, 290.074066]
/mnt/gpid07/users/morros/VFOA/TRAYECTORIAS2020_03_13/M2020-03-13-10-49-53/img/image_116.png 18.918006 -24.937248 -9.932127 [577.764893, 288.378296]
