/mnt/gpid07/users/morros/VFOA/TRAYECTORIAS2020_03_13/M2020-03-13-10-51-26/img/image_12.png -173.092358 3.471283 4.229837 [575.40094, 237.62529]
/mnt/gpid07/users/morros/VFOA/TRAYECTORIAS2020_03_13/M2020-03-13-10-51-26/img/image_13.png -176.055051 5.075968 4.436275 [550.316589, 233.09964]
/mnt/gpid07/users/morros/VFOA/TRAYECTORIAS2020_03_13/M2020-03-13-10-51-26/img/image_14.png -176.093356 5.060194 4.670902 [519.963623, 234.604279]
/mnt/gpid07/users/morros/VFOA/TRAYECTORIAS2020_03_13/M2020-03-13-10-51-26/img/image_15.png -177.394817 2.681259 4.558452 [482.277222, 237.466751]
/mnt/gpid07/users/morros/VFOA/TRAYECTORIAS2020_03_13/M2020-03-13-10-51-26/img/image_16.png -177.864682 -4.014050 6.294244 [451.110413, 241.060257]
/mnt/gpid07/users/morros/VFOA/TRAYECTORIAS2020_03_13/M2020-03-13-10-51-26/img/image_17.png -174.549815 -16.489947 6.147026 [413.826874, 237.080322]
/mnt/gpid07/users/morros/VFOA/TRAYECTORIAS2020_03_13/M2020-03-13-10-51-26/img/image_18.png -173.638556 -25.332290 5.182042 [378.027344, 226.162247]
/mnt/gpid07/users/morros/VFOA/TRAYECTORIAS2020_03_13/M2020-03-13-10-51-26/img/image_19.png -172.055664 -36.853689 4.295773 [346.580444, 204.68541]
/mnt/gpid07/users/morros/VFOA/TRAYECTORIAS2020_03_13/M2020-03-13-10-51-26/img/image_20.png -175.175614 -38.477241 5.281435 [315.952209, 177.428223]
/mnt/gpid07/users/morros/VFOA/TRAYECTORIAS2020_03_13/M2020-03-13-10-51-26/img/image_21.png -174.934150 -38.183712 4.450561 [299.597443, 157.524292]
/mnt/gpid07/users/morros/VFOA/TRAYECTORIAS2020_03_13/M2020-03-13-10-51-26/img/image_22.png -173.330917 -37.977793 4.296446 [293.125092, 147.984253]
/mnt/gpid07/users/morros/VFOA/TRAYECTORIAS2020_03_13/M2020-03-13-10-51-26/img/image_23.png -169.838526 -37.149538 3.602004 [288.596527, 146.249725]
/mnt/gpid07/users/morros/VFOA/TRAYECTORIAS2020_03_13/M2020-03-13-10-51-26/img/image_24.png -165.712516 -37.183197 3.560140 [280.457458, 145.237808]
/mnt/gpid07/users/morros/VFOA/TRAYECTORIAS2020_03_13/M2020-03-13-10-51-26/img/image_25.png -157.637836 -38.311672 4.622251 [274.078156, 155.72374]
/mnt/gpid07/users/morros/VFOA/TRAYECTORIAS2020_03_13/M2020-03-13-10-51-26/img/image_26.png -149.032168 -39.601996 6.171842 [266.505096, 178.611954]
/mnt/gpid07/users/morros/VFOA/TRAYECTORIAS2020_03_13/M2020-03-13-10-51-26/img/image_27.png -136.719848 -40.988310 6.393178 [260.29538, 201.151749]
/mnt/gpid07/users/morros/VFOA/TRAYECTORIAS2020_03_13/M2020-03-13-10-51-26/img/image_28.png -125.212139 -41.062352 7.028211 [255.078232, 222.043076]
/mnt/gpid07/users/morros/VFOA/TRAYECTORIAS2020_03_13/M2020-03-13-10-51-26/img/image_29.png -116.086750 -41.407913 6.502448 [252.925522, 232.331726]
/mnt/gpid07/users/morros/VFOA/TRAYECTORIAS2020_03_13/M2020-03-13-10-51-26/img/image_30.png -106.650509 -42.367405 5.693483 [246.382446, 234.754959]
/mnt/gpid07/users/morros/VFOA/TRAYECTORIAS2020_03_13/M2020-03-13-10-51-26/img/image_31.png -103.888183 -40.444586 5.217587 [232.473373, 233.0336]
/mnt/gpid07/users/morros/VFOA/TRAYECTORIAS2020_03_13/M2020-03-13-10-51-26/img/image_32.png -105.631737 -37.738811 5.400071 [231.427261, 225.264572]
/mnt/gpid07/users/morros/VFOA/TRAYECTORIAS2020_03_13/M2020-03-13-10-51-26/img/image_33.png -111.644601 -30.931704 7.192665 [229.09082, 223.415176]
/mnt/gpid07/users/morros/VFOA/TRAYECTORIAS2020_03_13/M2020-03-13-10-51-26/img/image_35.png -113.731984 -7.536210 5.545830 [247.797333, 206.602783]
/mnt/gpid07/users/morros/VFOA/TRAYECTORIAS2020_03_13/M2020-03-13-10-51-26/img/image_36.png -108.375033 -1.645060 5.305274 [264.434967, 194.900482]
/mnt/gpid07/users/morros/VFOA/TRAYECTORIAS2020_03_13/M2020-03-13-10-51-26/img/image_37.png -106.727420 1.251017 5.113035 [266.075576, 193.780096]
/mnt/gpid07/users/morros/VFOA/TRAYECTORIAS2020_03_13/M2020-03-13-10-51-26/img/image_38.png -106.382517 1.558146 6.230852 [266.089667, 193.773876]
/mnt/gpid07/users/morros/VFOA/TRAYECTORIAS2020_03_13/M2020-03-13-10-51-26/img/image_39.png -108.784249 1.053640 6.663210 [285.063568, 194.578278]
/mnt/gpid07/users/morros/VFOA/TRAYECTORIAS2020_03_13/M2020-03-13-10-51-26/img/image_40.png -109.389653 -0.083572 7.379461 [287.150556, 194.666824]
/mnt/gpid07/users/morros/VFOA/TRAYECTORIAS2020_03_13/M2020-03-13-10-51-26/img/image_41.png -112.579737 0.019962 5.814887 [287.190386, 194.66852]
/mnt/gpid07/users/morros/VFOA/TRAYECTORIAS2020_03_13/M2020-03-13-10-51-26/img/image_42.png -115.801726 -0.099638 6.012040 [288.091583, 218.795166]
/mnt/gpid07/users/morros/VFOA/TRAYECTORIAS2020_03_13/M2020-03-13-10-51-26/img/image_43.png -125.103673 1.000047 6.008619 [283.118439, 227.234451]
/mnt/gpid07/users/morros/VFOA/TRAYECTORIAS2020_03_13/M2020-03-13-10-51-26/img/image_44.png -138.408946 -0.448963 6.432275 [277.670105, 232.350403]
/mnt/gpid07/users/morros/VFOA/TRAYECTORIAS2020_03_13/M2020-03-13-10-51-26/img/image_45.png -146.730250 -2.770322 7.414354 [273.781647, 234.710907]
/mnt/gpid07/users/morros/VFOA/TRAYECTORIAS2020_03_13/M2020-03-13-10-51-26/img/image_46.png -151.249758 -2.906670 7.060011 [267.716583, 236.238571]
/mnt/gpid07/users/morros/VFOA/TRAYECTORIAS2020_03_13/M2020-03-13-10-51-26/img/image_47.png -151.287884 -3.193753 6.738508 [268.535858, 233.068146]
/mnt/gpid07/users/morros/VFOA/TRAYECTORIAS2020_03_13/M2020-03-13-10-51-26/img/image_48.png -151.036602 -2.723416 6.574634 [269.935455, 230.385513]
/mnt/gpid07/users/morros/VFOA/TRAYECTORIAS2020_03_13/M2020-03-13-10-51-26/img/image_49.png -150.660851 -2.922358 6.806079 [272.541046, 227.627945]
/mnt/gpid07/users/morros/VFOA/TRAYECTORIAS2020_03_13/M2020-03-13-10-51-26/img/image_50.png -149.622590 -2.900964 6.886934 [276.241455, 224.609772]
/mnt/gpid07/users/morros/VFOA/TRAYECTORIAS2020_03_13/M2020-03-13-10-51-26/img/image_51.png -148.459640 -2.712368 6.713123 [275.007416, 222.587967]
/mnt/gpid07/users/morros/VFOA/TRAYECTORIAS2020_03_13/M2020-03-13-10-51-26/img/image_52.png -148.069333 -2.372324 6.376595 [276.568817, 217.895065]
/mnt/gpid07/users/morros/VFOA/TRAYECTORIAS2020_03_13/M2020-03-13-10-51-26/img/image_53.png -138.335236 -2.233442 5.424588 [273.933655, 213.883011]
/mnt/gpid07/users/morros/VFOA/TRAYECTORIAS2020_03_13/M2020-03-13-10-51-26/img/image_54.png -121.416636 -3.800832 5.703779 [272.039825, 206.597687]
/mnt/gpid07/users/morros/VFOA/TRAYECTORIAS2020_03_13/M2020-03-13-10-51-26/img/image_55.png -105.652941 -3.249986 5.344889 [265.751129, 196.460052]
/mnt/gpid07/users/morros/VFOA/TRAYECTORIAS2020_03_13/M2020-03-13-10-51-26/img/image_56.png -92.514763 -3.032557 5.133455 [265.078311, 195.417766]
/mnt/gpid07/users/morros/VFOA/TRAYECTORIAS2020_03_13/M2020-03-13-10-51-26/img/image_57.png -85.644748 -1.240232 4.929559 [265.067188, 195.404491]
/mnt/gpid07/users/morros/VFOA/TRAYECTORIAS2020_03_13/M2020-03-13-10-51-26/img/image_58.png -82.085370 -1.104289 4.801552 [265.072692, 195.413453]
/mnt/gpid07/users/morros/VFOA/TRAYECTORIAS2020_03_13/M2020-03-13-10-51-26/img/image_59.png -78.609347 0.120390 5.118040 [265.073409, 195.414572]
/mnt/gpid07/users/morros/VFOA/TRAYECTORIAS2020_03_13/M2020-03-13-10-51-26/img/image_60.png -75.081221 2.244852 5.642973 [265.073433, 195.414605]
/mnt/gpid07/users/morros/VFOA/TRAYECTORIAS2020_03_13/M2020-03-13-10-51-26/img/image_61.png -67.201900 1.488209 6.680956 [265.073428, 195.414598]
/mnt/gpid07/users/morros/VFOA/TRAYECTORIAS2020_03_13/M2020-03-13-10-51-26/img/image_62.png -59.827947 1.489407 6.305937 [265.073428, 195.414597]
/mnt/gpid07/users/morros/VFOA/TRAYECTORIAS2020_03_13/M2020-03-13-10-51-26/img/image_63.png -52.735139 3.345578 5.275500 [265.073428, 195.414597]
/mnt/gpid07/users/morros/VFOA/TRAYECTORIAS2020_03_13/M2020-03-13-10-51-26/img/image_64.png -49.728801 4.144687 3.947383 [265.073428, 195.414597]
/mnt/gpid07/users/morros/VFOA/TRAYECTORIAS2020_03_13/M2020-03-13-10-51-26/img/image_65.png -38.139504 2.937636 4.705610 [265.073428, 195.414597]
/mnt/gpid07/users/morros/VFOA/TRAYECTORIAS2020_03_13/M2020-03-13-10-51-26/img/image_66.png -29.971137 2.703855 5.077482 [265.073428, 195.414597]
/mnt/gpid07/users/morros/VFOA/TRAYECTORIAS2020_03_13/M2020-03-13-10-51-26/img/image_67.png -20.151994 3.205942 5.595537 [265.073428, 195.414597]
/mnt/gpid07/users/morros/VFOA/TRAYECTORIAS2020_03_13/M2020-03-13-10-51-26/img/image_68.png -7.921873 2.465544 7.222555 [265.073428, 195.414597]
/mnt/gpid07/users/morros/VFOA/TRAYECTORIAS2020_03_13/M2020-03-13-10-51-26/img/image_69.png -1.159310 1.783601 6.465041 [265.073428, 195.414597]
/mnt/gpid07/users/morros/VFOA/TRAYECTORIAS2020_03_13/M2020-03-13-10-51-26/img/image_70.png 5.709476 -0.132592 7.261613 [265.073428, 195.414597]
/mnt/gpid07/users/morros/VFOA/TRAYECTORIAS2020_03_13/M2020-03-13-10-51-26/img/image_71.png 12.723731 -3.612100 8.970903 [265.073428, 195.414597]
/mnt/gpid07/users/morros/VFOA/TRAYECTORIAS2020_03_13/M2020-03-13-10-51-26/img/image_72.png 17.797540 -5.757254 8.171464 [265.073428, 195.414597]
/mnt/gpid07/users/morros/VFOA/TRAYECTORIAS2020_03_13/M2020-03-13-10-51-26/img/image_73.png 26.240755 -7.595369 7.780844 [265.073428, 195.414597]
/mnt/gpid07/users/morros/VFOA/TRAYECTORIAS2020_03_13/M2020-03-13-10-51-26/img/image_74.png 31.111059 -5.883685 5.927804 [265.073428, 195.414597]
/mnt/gpid07/users/morros/VFOA/TRAYECTORIAS2020_03_13/M2020-03-13-10-51-26/img/image_75.png 35.273770 -4.751154 5.564597 [265.073428, 195.414597]
/mnt/gpid07/users/morros/VFOA/TRAYECTORIAS2020_03_13/M2020-03-13-10-51-26/img/image_76.png 35.466009 -5.337244 5.197882 [265.073428, 195.414597]
/mnt/gpid07/users/morros/VFOA/TRAYECTORIAS2020_03_13/M2020-03-13-10-51-26/img/image_77.png 33.371226 -6.137170 5.869923 [265.073428, 195.414597]
/mnt/gpid07/users/morros/VFOA/TRAYECTORIAS2020_03_13/M2020-03-13-10-51-26/img/image_78.png 30.417079 -5.049916 7.858520 [265.073428, 195.414597]
/mnt/gpid07/users/morros/VFOA/TRAYECTORIAS2020_03_13/M2020-03-13-10-51-26/img/image_79.png 27.219877 -5.004355 7.881961 [265.073428, 195.414597]
/mnt/gpid07/users/morros/VFOA/TRAYECTORIAS2020_03_13/M2020-03-13-10-51-26/img/image_80.png 26.370678 -4.947454 7.350328 [265.073428, 195.414597]
/mnt/gpid07/users/morros/VFOA/TRAYECTORIAS2020_03_13/M2020-03-13-10-51-26/img/image_81.png 25.033077 -4.648352 7.107270 [265.073428, 195.414597]
/mnt/gpid07/users/morros/VFOA/TRAYECTORIAS2020_03_13/M2020-03-13-10-51-26/img/image_82.png 24.732903 -7.087022 7.397624 [265.073428, 195.414597]
/mnt/gpid07/users/morros/VFOA/TRAYECTORIAS2020_03_13/M2020-03-13-10-51-26/img/image_83.png 31.609124 -23.464762 4.362252 [265.073428, 195.414597]
/mnt/gpid07/users/morros/VFOA/TRAYECTORIAS2020_03_13/M2020-03-13-10-51-26/img/image_84.png 49.627184 -63.364061 -10.082680 [265.073428, 195.414597]
/mnt/gpid07/users/morros/VFOA/TRAYECTORIAS2020_03_13/M2020-03-13-10-51-26/img/image_85.png -153.488698 -83.643749 -172.104170 [265.073428, 195.414597]
/mnt/gpid07/users/morros/VFOA/TRAYECTORIAS2020_03_13/M2020-03-13-10-51-26/img/image_86.png -163.118944 -80.026671 -164.002325 [265.073428, 195.414597]
/mnt/gpid07/users/morros/VFOA/TRAYECTORIAS2020_03_13/M2020-03-13-10-51-26/img/image_87.png 29.680111 -67.629892 7.413516 [265.073428, 195.414597]
/mnt/gpid07/users/morros/VFOA/TRAYECTORIAS2020_03_13/M2020-03-13-10-51-26/img/image_88.png -3.168240 -16.526210 23.940843 [265.073428, 195.414597]
