/mnt/gpid07/users/morros/VFOA/TRAYECTORIAS2020_03_13/M2020-03-13-10-48-51/img/image_18.png -157.568869 -3.030785 -2.618582 [580.390076, 230.32196]
/mnt/gpid07/users/morros/VFOA/TRAYECTORIAS2020_03_13/M2020-03-13-10-48-51/img/image_19.png -165.624419 -3.512400 -1.782908 [557.003357, 224.765381]
/mnt/gpid07/users/morros/VFOA/TRAYECTORIAS2020_03_13/M2020-03-13-10-48-51/img/image_20.png -173.979584 -0.895176 -2.792367 [530.804688, 229.20166]
/mnt/gpid07/users/morros/VFOA/TRAYECTORIAS2020_03_13/M2020-03-13-10-48-51/img/image_21.png -179.341741 2.475990 -4.186126 [501.838013, 238.765839]
/mnt/gpid07/users/morros/VFOA/TRAYECTORIAS2020_03_13/M2020-03-13-10-48-51/img/image_22.png -179.711686 1.590127 -3.451036 [469.0448, 254.88237]
/mnt/gpid07/users/morros/VFOA/TRAYECTORIAS2020_03_13/M2020-03-13-10-48-51/img/image_23.png 178.669665 1.488709 -2.976885 [437.981293, 267.48587]
/mnt/gpid07/users/morros/VFOA/TRAYECTORIAS2020_03_13/M2020-03-13-10-48-51/img/image_24.png 176.227814 1.520047 -2.820629 [410.776123, 274.078705]
/mnt/gpid07/users/morros/VFOA/TRAYECTORIAS2020_03_13/M2020-03-13-10-48-51/img/image_25.png 173.355437 1.092168 -1.738974 [385.669891, 273.493073]
/mnt/gpid07/users/morros/VFOA/TRAYECTORIAS2020_03_13/M2020-03-13-10-48-51/img/image_26.png 174.437351 -5.385624 0.557199 [365.701111, 266.100433]
/mnt/gpid07/users/morros/VFOA/TRAYECTORIAS2020_03_13/M2020-03-13-10-48-51/img/image_27.png 176.468292 -20.940356 1.077778 [347.410034, 250.816788]
/mnt/gpid07/users/morros/VFOA/TRAYECTORIAS2020_03_13/M2020-03-13-10-48-51/img/image_28.png 176.702970 -28.439120 1.600012 [329.021484, 242.341782]
/mnt/gpid07/users/morros/VFOA/TRAYECTORIAS2020_03_13/M2020-03-13-10-48-51/img/image_29.png 176.391088 -40.377743 -0.669136 [308.755981, 238.383759]
/mnt/gpid07/users/morros/VFOA/TRAYECTORIAS2020_03_13/M2020-03-13-10-48-51/img/image_30.png 175.741100 -47.204227 0.485362 [285.98941, 240.77887]
/mnt/gpid07/users/morros/VFOA/TRAYECTORIAS2020_03_13/M2020-03-13-10-48-51/img/image_31.png -179.438882 -43.100209 1.198831 [257.395111, 249.75264]
/mnt/gpid07/users/morros/VFOA/TRAYECTORIAS2020_03_13/M2020-03-13-10-48-51/img/image_32.png -166.693992 -31.380765 -0.339480 [225.329681, 258.527618]
/mnt/gpid07/users/morros/VFOA/TRAYECTORIAS2020_03_13/M2020-03-13-10-48-51/img/image_33.png -147.392720 -21.917250 -4.382678 [193.067032, 254.869553]
/mnt/gpid07/users/morros/VFOA/TRAYECTORIAS2020_03_13/M2020-03-13-10-48-51/img/image_34.png -138.933405 -7.481662 -6.267949 [170.392075, 242.107956]
/mnt/gpid07/users/morros/VFOA/TRAYECTORIAS2020_03_13/M2020-03-13-10-48-51/img/image_35.png -129.564440 1.356902 -6.491912 [168.220456, 240.740761]
/mnt/gpid07/users/morros/VFOA/TRAYECTORIAS2020_03_13/M2020-03-13-10-48-51/img/image_36.png -117.166158 1.664386 -4.887321 [151.582733, 221.522888]
/mnt/gpid07/users/morros/VFOA/TRAYECTORIAS2020_03_13/M2020-03-13-10-48-51/img/image_37.png -108.627922 4.720879 -3.903202 [154.110825, 220.149155]
/mnt/gpid07/users/morros/VFOA/TRAYECTORIAS2020_03_13/M2020-03-13-10-48-51/img/image_38.png -96.611726 2.898865 -2.240766 [172.666214, 226.75119]
/mnt/gpid07/users/morros/VFOA/TRAYECTORIAS2020_03_13/M2020-03-13-10-48-51/img/image_39.png -85.943602 1.519136 -1.531005 [193.558884, 227.473709]
/mnt/gpid07/users/morros/VFOA/TRAYECTORIAS2020_03_13/M2020-03-13-10-48-51/img/image_40.png -75.362212 1.381940 -0.045275 [216.738602, 221.17186]
/mnt/gpid07/users/morros/VFOA/TRAYECTORIAS2020_03_13/M2020-03-13-10-48-51/img/image_41.png -61.691817 0.728856 0.651181 [232.968491, 219.340302]
/mnt/gpid07/users/morros/VFOA/TRAYECTORIAS2020_03_13/M2020-03-13-10-48-51/img/image_42.png -51.288396 1.636627 -0.162255 [244.279083, 228.323242]
/mnt/gpid07/users/morros/VFOA/TRAYECTORIAS2020_03_13/M2020-03-13-10-48-51/img/image_43.png -44.213834 2.542758 -2.149651 [251.502777, 244.785812]
/mnt/gpid07/users/morros/VFOA/TRAYECTORIAS2020_03_13/M2020-03-13-10-48-51/img/image_44.png -44.874730 3.573174 -2.941586 [252.184277, 246.506866]
/mnt/gpid07/users/morros/VFOA/TRAYECTORIAS2020_03_13/M2020-03-13-10-48-51/img/image_45.png -44.828233 7.665522 -2.713476 [252.187006, 246.531556]
/mnt/gpid07/users/morros/VFOA/TRAYECTORIAS2020_03_13/M2020-03-13-10-48-51/img/image_46.png -47.255756 16.386590 -3.825327 [252.180491, 246.517061]
/mnt/gpid07/users/morros/VFOA/TRAYECTORIAS2020_03_13/M2020-03-13-10-48-51/img/image_47.png -52.109457 26.122629 -5.929711 [297.941162, 295.667877]
/mnt/gpid07/users/morros/VFOA/TRAYECTORIAS2020_03_13/M2020-03-13-10-48-51/img/image_48.png -53.930494 32.947341 -5.890119 [292.672913, 293.949951]
/mnt/gpid07/users/morros/VFOA/TRAYECTORIAS2020_03_13/M2020-03-13-10-48-51/img/image_49.png -57.211476 38.047169 -6.859221 [277.560394, 292.13269]
/mnt/gpid07/users/morros/VFOA/TRAYECTORIAS2020_03_13/M2020-03-13-10-48-51/img/image_50.png -57.134324 38.562733 -6.128090 [265.754578, 289.82077]
/mnt/gpid07/users/morros/VFOA/TRAYECTORIAS2020_03_13/M2020-03-13-10-48-51/img/image_51.png -56.658611 37.219462 -5.249452 [257.919952, 283.262939]
/mnt/gpid07/users/morros/VFOA/TRAYECTORIAS2020_03_13/M2020-03-13-10-48-51/img/image_52.png -55.467676 31.449817 -4.811838 [257.63147, 267.131561]
/mnt/gpid07/users/morros/VFOA/TRAYECTORIAS2020_03_13/M2020-03-13-10-48-51/img/image_53.png -57.951654 20.342182 -6.833564 [267.215546, 246.494904]
/mnt/gpid07/users/morros/VFOA/TRAYECTORIAS2020_03_13/M2020-03-13-10-48-51/img/image_54.png -65.012631 12.317837 -9.233670 [279.378937, 228.834381]
/mnt/gpid07/users/morros/VFOA/TRAYECTORIAS2020_03_13/M2020-03-13-10-48-51/img/image_55.png -75.357967 -1.064335 -12.054431 [280.621069, 227.09809]
/mnt/gpid07/users/morros/VFOA/TRAYECTORIAS2020_03_13/M2020-03-13-10-48-51/img/image_56.png -87.192013 -7.094315 -10.990433 [280.63607, 227.083703]
/mnt/gpid07/users/morros/VFOA/TRAYECTORIAS2020_03_13/M2020-03-13-10-48-51/img/image_57.png -98.733647 -10.700159 -9.466637 [312.873108, 216.589127]
/mnt/gpid07/users/morros/VFOA/TRAYECTORIAS2020_03_13/M2020-03-13-10-48-51/img/image_58.png -105.491933 -13.680238 -6.776911 [321.065552, 225.762085]
/mnt/gpid07/users/morros/VFOA/TRAYECTORIAS2020_03_13/M2020-03-13-10-48-51/img/image_59.png -108.363928 -15.897785 -5.405033 [324.044037, 241.438156]
/mnt/gpid07/users/morros/VFOA/TRAYECTORIAS2020_03_13/M2020-03-13-10-48-51/img/image_60.png -107.318567 -15.124630 -5.235922 [320.643982, 259.822266]
/mnt/gpid07/users/morros/VFOA/TRAYECTORIAS2020_03_13/M2020-03-13-10-48-51/img/image_61.png -101.275332 -15.062980 -6.238830 [310.176666, 273.707001]
/mnt/gpid07/users/morros/VFOA/TRAYECTORIAS2020_03_13/M2020-03-13-10-48-51/img/image_63.png -99.613151 -12.835102 -6.303173 [309.041021, 275.059416]
/mnt/gpid07/users/morros/VFOA/TRAYECTORIAS2020_03_13/M2020-03-13-10-48-51/img/image_64.png -99.517302 -19.206416 0.126698 [309.050188, 275.046964]
/mnt/gpid07/users/morros/VFOA/TRAYECTORIAS2020_03_13/M2020-03-13-10-48-51/img/image_65.png -85.739470 -48.043373 -0.790879 [309.051379, 275.045505]
/mnt/gpid07/users/morros/VFOA/TRAYECTORIAS2020_03_13/M2020-03-13-10-48-51/img/image_66.png -112.265043 -56.149255 24.840315 [274.236908, 286.814423]
/mnt/gpid07/users/morros/VFOA/TRAYECTORIAS2020_03_13/M2020-03-13-10-48-51/img/image_67.png -138.295465 -58.719900 50.698337 [263.921722, 282.139832]
/mnt/gpid07/users/morros/VFOA/TRAYECTORIAS2020_03_13/M2020-03-13-10-48-51/img/image_68.png -85.208360 -81.547160 35.124622 [257.125549, 276.488831]
/mnt/gpid07/users/morros/VFOA/TRAYECTORIAS2020_03_13/M2020-03-13-10-48-51/img/image_70.png -61.830169 -75.501406 25.585602 [256.478197, 275.907241]
/mnt/gpid07/users/morros/VFOA/TRAYECTORIAS2020_03_13/M2020-03-13-10-48-51/img/image_71.png -57.313272 -70.839730 33.736641 [278.797577, 282.741699]
/mnt/gpid07/users/morros/VFOA/TRAYECTORIAS2020_03_13/M2020-03-13-10-48-51/img/image_72.png -20.554014 -60.944931 39.339681 [307.266174, 296.863739]
/mnt/gpid07/users/morros/VFOA/TRAYECTORIAS2020_03_13/M2020-03-13-10-48-51/img/image_74.png -2.212598 -61.417173 38.628511 [346.604523, 307.53479]
/mnt/gpid07/users/morros/VFOA/TRAYECTORIAS2020_03_13/M2020-03-13-10-48-51/img/image_75.png 14.841818 -64.045360 32.291141 [348.238373, 307.907379]
/mnt/gpid07/users/morros/VFOA/TRAYECTORIAS2020_03_13/M2020-03-13-10-48-51/img/image_76.png 23.650923 -66.943759 25.999667 [360.550842, 286.351807]
/mnt/gpid07/users/morros/VFOA/TRAYECTORIAS2020_03_13/M2020-03-13-10-48-51/img/image_77.png 24.436399 -62.676659 17.630250 [392.970947, 265.624512]
/mnt/gpid07/users/morros/VFOA/TRAYECTORIAS2020_03_13/M2020-03-13-10-48-51/img/image_78.png 17.309379 -68.809160 13.752119 [444.076233, 236.644073]
/mnt/gpid07/users/morros/VFOA/TRAYECTORIAS2020_03_13/M2020-03-13-10-48-51/img/image_79.png 0.012009 -73.979510 11.270485 [504.375549, 212.250122]
