/mnt/gpid07/users/morros/VFOA/TRAYECTORIAS2020_03_13/M2020-03-13-10-40-38/img/image_68.png 165.630837 -2.523192 -0.082280 [571.17688, 279.707275]
/mnt/gpid07/users/morros/VFOA/TRAYECTORIAS2020_03_13/M2020-03-13-10-40-38/img/image_69.png 155.768476 -2.571022 -0.447837 [550.0, 300.0]
/mnt/gpid07/users/morros/VFOA/TRAYECTORIAS2020_03_13/M2020-03-13-10-40-38/img/image_70.png 146.865063 -2.924033 -0.495903 [522.178467, 255.785873]
/mnt/gpid07/users/morros/VFOA/TRAYECTORIAS2020_03_13/M2020-03-13-10-40-38/img/image_71.png 136.889924 -2.942015 -1.882285 [509.170776, 236.507401]
/mnt/gpid07/users/morros/VFOA/TRAYECTORIAS2020_03_13/M2020-03-13-10-40-38/img/image_72.png 129.468165 -3.130811 -0.350629 [489.18457, 223.602875]
/mnt/gpid07/users/morros/VFOA/TRAYECTORIAS2020_03_13/M2020-03-13-10-40-38/img/image_73.png 122.087651 -4.584899 0.586939 [487.39438, 222.818303]
/mnt/gpid07/users/morros/VFOA/TRAYECTORIAS2020_03_13/M2020-03-13-10-40-38/img/image_74.png 116.788140 -3.933543 0.922914 [443.712769, 228.812378]
/mnt/gpid07/users/morros/VFOA/TRAYECTORIAS2020_03_13/M2020-03-13-10-40-38/img/image_75.png 110.353220 -3.205493 -0.914536 [411.49585, 242.519623]
/mnt/gpid07/users/morros/VFOA/TRAYECTORIAS2020_03_13/M2020-03-13-10-40-38/img/image_76.png 106.737306 -2.654554 -1.619588 [376.815613, 260.240997]
/mnt/gpid07/users/morros/VFOA/TRAYECTORIAS2020_03_13/M2020-03-13-10-40-38/img/image_77.png 102.214502 -1.852249 -2.457026 [341.507477, 272.309418]
/mnt/gpid07/users/morros/VFOA/TRAYECTORIAS2020_03_13/M2020-03-13-10-40-38/img/image_78.png 100.495906 -1.400493 -3.349810 [318.252319, 281.137726]
/mnt/gpid07/users/morros/VFOA/TRAYECTORIAS2020_03_13/M2020-03-13-10-40-38/img/image_79.png 100.046162 -1.458336 -3.969080 [304.211212, 283.529724]
/mnt/gpid07/users/morros/VFOA/TRAYECTORIAS2020_03_13/M2020-03-13-10-40-38/img/image_80.png 102.661882 -1.211259 -3.894439 [295.603424, 277.420654]
/mnt/gpid07/users/morros/VFOA/TRAYECTORIAS2020_03_13/M2020-03-13-10-40-38/img/image_81.png 108.427208 -1.349367 -4.084902 [291.642792, 263.732574]
/mnt/gpid07/users/morros/VFOA/TRAYECTORIAS2020_03_13/M2020-03-13-10-40-38/img/image_82.png 116.061011 -2.042964 -3.848510 [296.0914, 254.909134]
/mnt/gpid07/users/morros/VFOA/TRAYECTORIAS2020_03_13/M2020-03-13-10-40-38/img/image_83.png 122.921406 -2.707427 -4.056173 [295.075653, 243.292007]
/mnt/gpid07/users/morros/VFOA/TRAYECTORIAS2020_03_13/M2020-03-13-10-40-38/img/image_84.png 129.592993 -2.889491 -4.221585 [287.031158, 240.507111]
/mnt/gpid07/users/morros/VFOA/TRAYECTORIAS2020_03_13/M2020-03-13-10-40-38/img/image_85.png 134.592590 -2.457643 -3.568028 [279.989105, 248.666718]
/mnt/gpid07/users/morros/VFOA/TRAYECTORIAS2020_03_13/M2020-03-13-10-40-38/img/image_86.png 140.050783 -1.777078 -2.523859 [269.72348, 257.316742]
/mnt/gpid07/users/morros/VFOA/TRAYECTORIAS2020_03_13/M2020-03-13-10-40-38/img/image_87.png 145.355379 -1.582066 -1.619848 [261.067688, 263.497559]
/mnt/gpid07/users/morros/VFOA/TRAYECTORIAS2020_03_13/M2020-03-13-10-40-38/img/image_88.png 150.431270 -1.938606 -1.407118 [251.386398, 268.946075]
/mnt/gpid07/users/morros/VFOA/TRAYECTORIAS2020_03_13/M2020-03-13-10-40-38/img/image_89.png 157.173884 -2.862630 -1.209141 [242.030472, 283.288208]
/mnt/gpid07/users/morros/VFOA/TRAYECTORIAS2020_03_13/M2020-03-13-10-40-38/img/image_90.png 167.038748 -3.906891 -1.394705 [229.249451, 286.311157]
/mnt/gpid07/users/morros/VFOA/TRAYECTORIAS2020_03_13/M2020-03-13-10-40-38/img/image_91.png 174.644847 -6.323971 -2.693240 [226.499756, 291.597504]
/mnt/gpid07/users/morros/VFOA/TRAYECTORIAS2020_03_13/M2020-03-13-10-40-38/img/image_92.png 179.594674 -8.152108 -2.728427 [230.799393, 293.934113]
/mnt/gpid07/users/morros/VFOA/TRAYECTORIAS2020_03_13/M2020-03-13-10-40-38/img/image_93.png -177.030310 -13.788162 -3.727037 [243.971024, 296.21817]
/mnt/gpid07/users/morros/VFOA/TRAYECTORIAS2020_03_13/M2020-03-13-10-40-38/img/image_94.png -176.618916 -19.593769 -4.024233 [245.376907, 296.44605]
/mnt/gpid07/users/morros/VFOA/TRAYECTORIAS2020_03_13/M2020-03-13-10-40-38/img/image_95.png -176.688822 -29.263930 -5.120700 [276.749512, 293.60556]
/mnt/gpid07/users/morros/VFOA/TRAYECTORIAS2020_03_13/M2020-03-13-10-40-38/img/image_96.png -177.226682 -34.412355 -5.502595 [291.002686, 290.73819]
/mnt/gpid07/users/morros/VFOA/TRAYECTORIAS2020_03_13/M2020-03-13-10-40-38/img/image_97.png -175.803137 -30.482717 -5.383821 [305.144684, 286.454742]
/mnt/gpid07/users/morros/VFOA/TRAYECTORIAS2020_03_13/M2020-03-13-10-40-38/img/image_98.png -171.133265 -18.762972 -4.190673 [315.617371, 282.446838]
/mnt/gpid07/users/morros/VFOA/TRAYECTORIAS2020_03_13/M2020-03-13-10-40-38/img/image_99.png -165.187422 -6.678718 -2.691593 [321.153137, 277.53653]
/mnt/gpid07/users/morros/VFOA/TRAYECTORIAS2020_03_13/M2020-03-13-10-40-38/img/image_100.png -160.120107 -1.127269 -1.977533 [323.148499, 272.096832]
/mnt/gpid07/users/morros/VFOA/TRAYECTORIAS2020_03_13/M2020-03-13-10-40-38/img/image_101.png -158.941945 -0.237217 -2.856578 [318.452942, 269.213043]
/mnt/gpid07/users/morros/VFOA/TRAYECTORIAS2020_03_13/M2020-03-13-10-40-38/img/image_102.png -155.069858 1.420620 -1.983810 [308.831238, 270.3237]
/mnt/gpid07/users/morros/VFOA/TRAYECTORIAS2020_03_13/M2020-03-13-10-40-38/img/image_103.png -151.288111 0.832676 -1.305829 [296.96579, 274.260223]
/mnt/gpid07/users/morros/VFOA/TRAYECTORIAS2020_03_13/M2020-03-13-10-40-38/img/image_104.png -146.922765 -0.059506 -0.905666 [280.914215, 280.665924]
/mnt/gpid07/users/morros/VFOA/TRAYECTORIAS2020_03_13/M2020-03-13-10-40-38/img/image_105.png -140.938702 -1.454058 -0.850246 [265.170532, 283.201447]
/mnt/gpid07/users/morros/VFOA/TRAYECTORIAS2020_03_13/M2020-03-13-10-40-38/img/image_106.png -139.294872 -1.002290 -0.603815 [255.09967, 287.139221]
/mnt/gpid07/users/morros/VFOA/TRAYECTORIAS2020_03_13/M2020-03-13-10-40-38/img/image_107.png -134.333101 0.733662 1.110270 [248.507156, 283.071045]
/mnt/gpid07/users/morros/VFOA/TRAYECTORIAS2020_03_13/M2020-03-13-10-40-38/img/image_108.png -131.140831 1.190360 2.503140 [246.515182, 271.556641]
/mnt/gpid07/users/morros/VFOA/TRAYECTORIAS2020_03_13/M2020-03-13-10-40-38/img/image_109.png -131.660912 0.653351 2.510282 [246.118515, 258.091949]
/mnt/gpid07/users/morros/VFOA/TRAYECTORIAS2020_03_13/M2020-03-13-10-40-38/img/image_110.png -133.876207 -0.000325 2.824105 [242.524399, 241.334137]
/mnt/gpid07/users/morros/VFOA/TRAYECTORIAS2020_03_13/M2020-03-13-10-40-38/img/image_111.png -139.523608 -0.937969 2.748632 [231.415329, 225.257034]
/mnt/gpid07/users/morros/VFOA/TRAYECTORIAS2020_03_13/M2020-03-13-10-40-38/img/image_112.png -147.890784 -3.427034 2.328231 [223.428558, 212.119415]
/mnt/gpid07/users/morros/VFOA/TRAYECTORIAS2020_03_13/M2020-03-13-10-40-38/img/image_113.png -159.207811 -6.014142 0.341595 [208.656342, 202.137711]
/mnt/gpid07/users/morros/VFOA/TRAYECTORIAS2020_03_13/M2020-03-13-10-40-38/img/image_114.png -171.906854 -10.655654 -2.917664 [203.938751, 202.503464]
/mnt/gpid07/users/morros/VFOA/TRAYECTORIAS2020_03_13/M2020-03-13-10-40-38/img/image_115.png -176.931565 -15.317917 -4.475740 [208.402969, 208.367569]
/mnt/gpid07/users/morros/VFOA/TRAYECTORIAS2020_03_13/M2020-03-13-10-40-38/img/image_116.png -179.429770 -26.427795 -5.897702 [231.211761, 223.176422]
/mnt/gpid07/users/morros/VFOA/TRAYECTORIAS2020_03_13/M2020-03-13-10-40-38/img/image_117.png -176.912676 -33.577985 -6.794212 [250.901901, 234.665741]
/mnt/gpid07/users/morros/VFOA/TRAYECTORIAS2020_03_13/M2020-03-13-10-40-38/img/image_118.png -175.406707 -37.166939 -7.451440 [270.848602, 241.929199]
/mnt/gpid07/users/morros/VFOA/TRAYECTORIAS2020_03_13/M2020-03-13-10-40-38/img/image_119.png -175.022532 -30.870487 -7.637199 [276.639191, 240.116196]
/mnt/gpid07/users/morros/VFOA/TRAYECTORIAS2020_03_13/M2020-03-13-10-40-38/img/image_120.png -179.505584 -22.830254 -6.358537 [281.280487, 236.656677]
/mnt/gpid07/users/morros/VFOA/TRAYECTORIAS2020_03_13/M2020-03-13-10-40-38/img/image_121.png 172.178476 -16.057712 -4.075810 [279.112732, 230.470795]
/mnt/gpid07/users/morros/VFOA/TRAYECTORIAS2020_03_13/M2020-03-13-10-40-38/img/image_122.png 157.972081 -10.745366 -2.447073 [278.145538, 220.661087]
/mnt/gpid07/users/morros/VFOA/TRAYECTORIAS2020_03_13/M2020-03-13-10-40-38/img/image_123.png 147.109631 -8.492695 -2.249252 [276.178223, 219.922134]
/mnt/gpid07/users/morros/VFOA/TRAYECTORIAS2020_03_13/M2020-03-13-10-40-38/img/image_124.png 134.745406 -8.359405 -1.921704 [278.462128, 230.208466]
/mnt/gpid07/users/morros/VFOA/TRAYECTORIAS2020_03_13/M2020-03-13-10-40-38/img/image_125.png 118.950734 -7.189085 -1.761988 [278.73303, 231.347352]
/mnt/gpid07/users/morros/VFOA/TRAYECTORIAS2020_03_13/M2020-03-13-10-40-38/img/image_126.png 106.842346 -4.534183 -2.096673 [276.439789, 264.945648]
/mnt/gpid07/users/morros/VFOA/TRAYECTORIAS2020_03_13/M2020-03-13-10-40-38/img/image_127.png 85.441935 -0.285305 -1.292895 [271.516754, 284.128632]
/mnt/gpid07/users/morros/VFOA/TRAYECTORIAS2020_03_13/M2020-03-13-10-40-38/img/image_128.png 76.972340 0.941747 0.054124 [259.982483, 291.015991]
/mnt/gpid07/users/morros/VFOA/TRAYECTORIAS2020_03_13/M2020-03-13-10-40-38/img/image_129.png 67.155570 -0.483186 0.277674 [254.121674, 297.711182]
/mnt/gpid07/users/morros/VFOA/TRAYECTORIAS2020_03_13/M2020-03-13-10-40-38/img/image_130.png 57.772891 -1.150647 0.277716 [249.577759, 291.961182]
/mnt/gpid07/users/morros/VFOA/TRAYECTORIAS2020_03_13/M2020-03-13-10-40-38/img/image_131.png 46.839328 -2.250082 -0.393638 [243.893295, 277.581329]
/mnt/gpid07/users/morros/VFOA/TRAYECTORIAS2020_03_13/M2020-03-13-10-40-38/img/image_132.png 39.411723 -3.668014 0.254671 [236.437027, 255.90657]
/mnt/gpid07/users/morros/VFOA/TRAYECTORIAS2020_03_13/M2020-03-13-10-40-38/img/image_133.png 34.226964 -4.302311 0.914098 [224.436172, 230.984711]
/mnt/gpid07/users/morros/VFOA/TRAYECTORIAS2020_03_13/M2020-03-13-10-40-38/img/image_134.png 28.693565 -5.165712 0.862263 [207.086334, 208.398514]
/mnt/gpid07/users/morros/VFOA/TRAYECTORIAS2020_03_13/M2020-03-13-10-40-38/img/image_136.png 25.787033 -4.078582 1.626764 [205.274627, 206.143234]
/mnt/gpid07/users/morros/VFOA/TRAYECTORIAS2020_03_13/M2020-03-13-10-40-38/img/image_137.png 22.502602 -5.173856 2.175876 [199.842194, 182.920242]
/mnt/gpid07/users/morros/VFOA/TRAYECTORIAS2020_03_13/M2020-03-13-10-40-38/img/image_138.png 22.750666 -5.301858 2.502218 [210.164719, 186.790955]
/mnt/gpid07/users/morros/VFOA/TRAYECTORIAS2020_03_13/M2020-03-13-10-40-38/img/image_139.png 23.297014 -4.531701 1.628573 [213.197449, 202.016754]
/mnt/gpid07/users/morros/VFOA/TRAYECTORIAS2020_03_13/M2020-03-13-10-40-38/img/image_140.png 25.185444 -2.510958 1.800126 [201.760452, 219.703369]
/mnt/gpid07/users/morros/VFOA/TRAYECTORIAS2020_03_13/M2020-03-13-10-40-38/img/image_141.png 24.729983 -2.433015 1.164769 [189.876144, 228.245407]
/mnt/gpid07/users/morros/VFOA/TRAYECTORIAS2020_03_13/M2020-03-13-10-40-38/img/image_142.png 22.127377 -3.917820 -0.486369 [186.88472, 243.176544]
/mnt/gpid07/users/morros/VFOA/TRAYECTORIAS2020_03_13/M2020-03-13-10-40-38/img/image_143.png 17.926518 -3.740267 -1.739971 [184.71846, 252.902802]
/mnt/gpid07/users/morros/VFOA/TRAYECTORIAS2020_03_13/M2020-03-13-10-40-38/img/image_144.png 16.304410 -5.104567 -0.717187 [184.510086, 253.823378]
/mnt/gpid07/users/morros/VFOA/TRAYECTORIAS2020_03_13/M2020-03-13-10-40-38/img/image_145.png 17.291898 -4.850882 -0.379240 [184.508827, 253.827379]
/mnt/gpid07/users/morros/VFOA/TRAYECTORIAS2020_03_13/M2020-03-13-10-40-38/img/image_146.png 21.624733 -4.455689 1.098979 [184.510772, 253.818614]
/mnt/gpid07/users/morros/VFOA/TRAYECTORIAS2020_03_13/M2020-03-13-10-40-38/img/image_147.png 32.085138 -3.394752 0.805181 [184.510999, 253.817609]
/mnt/gpid07/users/morros/VFOA/TRAYECTORIAS2020_03_13/M2020-03-13-10-40-38/img/image_148.png 41.340191 -2.934954 0.106777 [184.511005, 253.817587]
/mnt/gpid07/users/morros/VFOA/TRAYECTORIAS2020_03_13/M2020-03-13-10-40-38/img/image_149.png 52.051337 -4.652576 -0.528630 [184.511003, 253.817594]
/mnt/gpid07/users/morros/VFOA/TRAYECTORIAS2020_03_13/M2020-03-13-10-40-38/img/image_150.png 61.574176 -5.628337 -2.064157 [184.511003, 253.817595]
/mnt/gpid07/users/morros/VFOA/TRAYECTORIAS2020_03_13/M2020-03-13-10-40-38/img/image_151.png 67.741347 -6.473444 -4.153794 [184.511003, 253.817595]
/mnt/gpid07/users/morros/VFOA/TRAYECTORIAS2020_03_13/M2020-03-13-10-40-38/img/image_152.png 76.477882 -5.537375 -5.059840 [184.511003, 253.817595]
/mnt/gpid07/users/morros/VFOA/TRAYECTORIAS2020_03_13/M2020-03-13-10-40-38/img/image_153.png 83.184599 -3.344076 -4.152914 [184.511003, 253.817595]
/mnt/gpid07/users/morros/VFOA/TRAYECTORIAS2020_03_13/M2020-03-13-10-40-38/img/image_154.png 88.629749 -2.175692 -3.469878 [184.511003, 253.817595]
/mnt/gpid07/users/morros/VFOA/TRAYECTORIAS2020_03_13/M2020-03-13-10-40-38/img/image_155.png 95.599869 -0.932738 -2.146767 [184.511003, 253.817595]
/mnt/gpid07/users/morros/VFOA/TRAYECTORIAS2020_03_13/M2020-03-13-10-40-38/img/image_156.png 101.378845 -0.170902 -1.065693 [184.511003, 253.817595]
/mnt/gpid07/users/morros/VFOA/TRAYECTORIAS2020_03_13/M2020-03-13-10-40-38/img/image_157.png 106.349360 -0.031674 -0.796396 [184.511003, 253.817595]
/mnt/gpid07/users/morros/VFOA/TRAYECTORIAS2020_03_13/M2020-03-13-10-40-38/img/image_158.png 113.868048 -0.860476 -0.276034 [184.511003, 253.817595]
/mnt/gpid07/users/morros/VFOA/TRAYECTORIAS2020_03_13/M2020-03-13-10-40-38/img/image_159.png 120.585739 -1.469208 0.307716 [184.511003, 253.817595]
/mnt/gpid07/users/morros/VFOA/TRAYECTORIAS2020_03_13/M2020-03-13-10-40-38/img/image_160.png 129.828567 -2.471394 0.684383 [184.511003, 253.817595]
/mnt/gpid07/users/morros/VFOA/TRAYECTORIAS2020_03_13/M2020-03-13-10-40-38/img/image_161.png 140.748686 -1.292241 0.188505 [184.511003, 253.817595]
/mnt/gpid07/users/morros/VFOA/TRAYECTORIAS2020_03_13/M2020-03-13-10-40-38/img/image_162.png 148.877545 -1.139773 0.435353 [184.511003, 253.817595]
/mnt/gpid07/users/morros/VFOA/TRAYECTORIAS2020_03_13/M2020-03-13-10-40-38/img/image_163.png 157.066176 -1.574266 0.003046 [184.511003, 253.817595]
/mnt/gpid07/users/morros/VFOA/TRAYECTORIAS2020_03_13/M2020-03-13-10-40-38/img/image_164.png 165.371356 -2.636824 -2.032447 [184.511003, 253.817595]
/mnt/gpid07/users/morros/VFOA/TRAYECTORIAS2020_03_13/M2020-03-13-10-40-38/img/image_165.png 170.839700 -2.251897 -1.711724 [184.511003, 253.817595]
/mnt/gpid07/users/morros/VFOA/TRAYECTORIAS2020_03_13/M2020-03-13-10-40-38/img/image_166.png 175.449481 -2.551901 -1.071550 [184.511003, 253.817595]
/mnt/gpid07/users/morros/VFOA/TRAYECTORIAS2020_03_13/M2020-03-13-10-40-38/img/image_167.png -177.969748 -3.001310 -0.157418 [184.511003, 253.817595]
/mnt/gpid07/users/morros/VFOA/TRAYECTORIAS2020_03_13/M2020-03-13-10-40-38/img/image_168.png -169.331456 -1.490227 1.683800 [184.511003, 253.817595]
/mnt/gpid07/users/morros/VFOA/TRAYECTORIAS2020_03_13/M2020-03-13-10-40-38/img/image_169.png -164.345509 -2.480956 1.496198 [184.511003, 253.817595]
/mnt/gpid07/users/morros/VFOA/TRAYECTORIAS2020_03_13/M2020-03-13-10-40-38/img/image_170.png -156.856615 -2.802170 0.950852 [184.511003, 253.817595]
/mnt/gpid07/users/morros/VFOA/TRAYECTORIAS2020_03_13/M2020-03-13-10-40-38/img/image_171.png -150.905347 -2.543165 0.511493 [184.511003, 253.817595]
/mnt/gpid07/users/morros/VFOA/TRAYECTORIAS2020_03_13/M2020-03-13-10-40-38/img/image_172.png -145.291069 -2.164666 0.487747 [184.511003, 253.817595]
/mnt/gpid07/users/morros/VFOA/TRAYECTORIAS2020_03_13/M2020-03-13-10-40-38/img/image_173.png -138.122695 -1.259972 0.228200 [184.511003, 253.817595]
/mnt/gpid07/users/morros/VFOA/TRAYECTORIAS2020_03_13/M2020-03-13-10-40-38/img/image_174.png -134.685044 -0.760226 1.122332 [184.511003, 253.817595]
/mnt/gpid07/users/morros/VFOA/TRAYECTORIAS2020_03_13/M2020-03-13-10-40-38/img/image_175.png -134.028746 -2.309174 1.026763 [184.511003, 253.817595]
/mnt/gpid07/users/morros/VFOA/TRAYECTORIAS2020_03_13/M2020-03-13-10-40-38/img/image_176.png -133.745641 -3.107817 0.841158 [184.511003, 253.817595]
/mnt/gpid07/users/morros/VFOA/TRAYECTORIAS2020_03_13/M2020-03-13-10-40-38/img/image_177.png -133.537281 -3.870107 0.826974 [184.511003, 253.817595]
/mnt/gpid07/users/morros/VFOA/TRAYECTORIAS2020_03_13/M2020-03-13-10-40-38/img/image_178.png -127.594864 -5.319752 1.192578 [184.511003, 253.817595]
/mnt/gpid07/users/morros/VFOA/TRAYECTORIAS2020_03_13/M2020-03-13-10-40-38/img/image_179.png -118.313301 -7.640939 0.987970 [184.511003, 253.817595]
/mnt/gpid07/users/morros/VFOA/TRAYECTORIAS2020_03_13/M2020-03-13-10-40-38/img/image_180.png -107.937336 -9.645632 0.051171 [184.511003, 253.817595]
/mnt/gpid07/users/morros/VFOA/TRAYECTORIAS2020_03_13/M2020-03-13-10-40-38/img/image_181.png -101.779329 -11.153750 -1.711470 [184.511003, 253.817595]
/mnt/gpid07/users/morros/VFOA/TRAYECTORIAS2020_03_13/M2020-03-13-10-40-38/img/image_182.png -101.241634 -13.844763 -0.973971 [184.511003, 253.817595]
/mnt/gpid07/users/morros/VFOA/TRAYECTORIAS2020_03_13/M2020-03-13-10-40-38/img/image_183.png -104.598021 -21.176477 -1.379133 [184.511003, 253.817595]
/mnt/gpid07/users/morros/VFOA/TRAYECTORIAS2020_03_13/M2020-03-13-10-40-38/img/image_184.png -104.866010 -28.170609 -1.101008 [184.511003, 253.817595]
/mnt/gpid07/users/morros/VFOA/TRAYECTORIAS2020_03_13/M2020-03-13-10-40-38/img/image_185.png -106.546066 -34.032959 -1.343921 [184.511003, 253.817595]
/mnt/gpid07/users/morros/VFOA/TRAYECTORIAS2020_03_13/M2020-03-13-10-40-38/img/image_186.png -108.245879 -35.978320 -1.361444 [184.511003, 253.817595]
/mnt/gpid07/users/morros/VFOA/TRAYECTORIAS2020_03_13/M2020-03-13-10-40-38/img/image_187.png -108.404475 -35.741358 -1.581382 [184.511003, 253.817595]
/mnt/gpid07/users/morros/VFOA/TRAYECTORIAS2020_03_13/M2020-03-13-10-40-38/img/image_188.png -108.645014 -34.581615 -1.504136 [184.511003, 253.817595]
/mnt/gpid07/users/morros/VFOA/TRAYECTORIAS2020_03_13/M2020-03-13-10-40-38/img/image_189.png -109.404647 -33.500031 -1.073800 [277.071625, 264.603973]
/mnt/gpid07/users/morros/VFOA/TRAYECTORIAS2020_03_13/M2020-03-13-10-40-38/img/image_190.png -109.389458 -33.529324 -1.155073 [268.159607, 263.362122]
/mnt/gpid07/users/morros/VFOA/TRAYECTORIAS2020_03_13/M2020-03-13-10-40-38/img/image_191.png -109.346722 -33.788433 -1.319792 [262.678894, 258.320709]
/mnt/gpid07/users/morros/VFOA/TRAYECTORIAS2020_03_13/M2020-03-13-10-40-38/img/image_192.png -109.472934 -33.905031 -1.347915 [257.575409, 253.674622]
/mnt/gpid07/users/morros/VFOA/TRAYECTORIAS2020_03_13/M2020-03-13-10-40-38/img/image_193.png -109.239109 -34.562234 -1.552893 [250.052551, 248.352966]
/mnt/gpid07/users/morros/VFOA/TRAYECTORIAS2020_03_13/M2020-03-13-10-40-38/img/image_194.png -109.251490 -35.274253 -1.461281 [244.332626, 244.703766]
/mnt/gpid07/users/morros/VFOA/TRAYECTORIAS2020_03_13/M2020-03-13-10-40-38/img/image_195.png -109.186631 -34.793615 -1.517264 [242.228943, 244.958359]
/mnt/gpid07/users/morros/VFOA/TRAYECTORIAS2020_03_13/M2020-03-13-10-40-38/img/image_196.png -110.032230 -29.699261 -0.874966 [237.379303, 246.445709]
/mnt/gpid07/users/morros/VFOA/TRAYECTORIAS2020_03_13/M2020-03-13-10-40-38/img/image_198.png -112.619603 -23.664817 0.250485 [233.147141, 253.785919]
/mnt/gpid07/users/morros/VFOA/TRAYECTORIAS2020_03_13/M2020-03-13-10-40-38/img/image_199.png -115.218213 -18.183248 0.465521 [231.222778, 257.130219]
/mnt/gpid07/users/morros/VFOA/TRAYECTORIAS2020_03_13/M2020-03-13-10-40-38/img/image_200.png -120.249919 -13.215616 0.507235 [229.026306, 266.224365]
/mnt/gpid07/users/morros/VFOA/TRAYECTORIAS2020_03_13/M2020-03-13-10-40-38/img/image_201.png -123.980537 -9.481613 0.048777 [228.803938, 267.191278]
/mnt/gpid07/users/morros/VFOA/TRAYECTORIAS2020_03_13/M2020-03-13-10-40-38/img/image_202.png -126.486299 -7.160629 -0.290584 [212.4897, 294.912262]
/mnt/gpid07/users/morros/VFOA/TRAYECTORIAS2020_03_13/M2020-03-13-10-40-38/img/image_203.png -130.714171 -7.103926 -1.286816 [210.697358, 297.951901]
/mnt/gpid07/users/morros/VFOA/TRAYECTORIAS2020_03_13/M2020-03-13-10-40-38/img/image_204.png -134.127860 -7.141869 -1.086476 [210.663343, 298.009051]
/mnt/gpid07/users/morros/VFOA/TRAYECTORIAS2020_03_13/M2020-03-13-10-40-38/img/image_205.png -142.978487 -7.687617 -0.496598 [210.677524, 297.984942]
/mnt/gpid07/users/morros/VFOA/TRAYECTORIAS2020_03_13/M2020-03-13-10-40-38/img/image_206.png -156.620938 -5.929840 0.273717 [204.140427, 303.730896]
/mnt/gpid07/users/morros/VFOA/TRAYECTORIAS2020_03_13/M2020-03-13-10-40-38/img/image_207.png -169.701945 -6.982915 1.544304 [203.421204, 304.363192]
/mnt/gpid07/users/morros/VFOA/TRAYECTORIAS2020_03_13/M2020-03-13-10-40-38/img/image_208.png 176.799288 -7.855453 2.375859 [203.407461, 304.375285]
/mnt/gpid07/users/morros/VFOA/TRAYECTORIAS2020_03_13/M2020-03-13-10-40-38/img/image_209.png 161.994128 -6.076590 1.155271 [203.413141, 304.370292]
/mnt/gpid07/users/morros/VFOA/TRAYECTORIAS2020_03_13/M2020-03-13-10-40-38/img/image_210.png 152.029959 -2.962005 -0.043298 [203.413903, 304.369622]
/mnt/gpid07/users/morros/VFOA/TRAYECTORIAS2020_03_13/M2020-03-13-10-40-38/img/image_211.png 144.303471 -1.976419 -0.331126 [201.236221, 304.594208]
/mnt/gpid07/users/morros/VFOA/TRAYECTORIAS2020_03_13/M2020-03-13-10-40-38/img/image_212.png 134.073583 -1.919172 -1.704889 [200.996669, 304.618919]
/mnt/gpid07/users/morros/VFOA/TRAYECTORIAS2020_03_13/M2020-03-13-10-40-38/img/image_213.png 123.070515 -0.791961 -1.018823 [200.992095, 304.619391]
/mnt/gpid07/users/morros/VFOA/TRAYECTORIAS2020_03_13/M2020-03-13-10-40-38/img/image_214.png 111.457595 -0.779084 -1.937179 [200.993987, 304.619196]
/mnt/gpid07/users/morros/VFOA/TRAYECTORIAS2020_03_13/M2020-03-13-10-40-38/img/image_215.png 99.324068 -1.153073 -2.416830 [207.899673, 286.43576]
/mnt/gpid07/users/morros/VFOA/TRAYECTORIAS2020_03_13/M2020-03-13-10-40-38/img/image_216.png 83.247978 -2.217508 -2.592488 [216.919968, 269.60556]
/mnt/gpid07/users/morros/VFOA/TRAYECTORIAS2020_03_13/M2020-03-13-10-40-38/img/image_217.png 69.673824 -2.752020 -3.134484 [220.884552, 251.538513]
/mnt/gpid07/users/morros/VFOA/TRAYECTORIAS2020_03_13/M2020-03-13-10-40-38/img/image_218.png 57.613988 -3.036495 -2.943239 [226.134598, 235.279831]
/mnt/gpid07/users/morros/VFOA/TRAYECTORIAS2020_03_13/M2020-03-13-10-40-38/img/image_219.png 44.968482 -3.836244 -2.399197 [231.203827, 221.494873]
/mnt/gpid07/users/morros/VFOA/TRAYECTORIAS2020_03_13/M2020-03-13-10-40-38/img/image_220.png 35.738594 -3.814617 -1.045305 [229.075897, 210.083969]
/mnt/gpid07/users/morros/VFOA/TRAYECTORIAS2020_03_13/M2020-03-13-10-40-38/img/image_221.png 27.656712 -3.884758 -0.069950 [225.245468, 213.175491]
/mnt/gpid07/users/morros/VFOA/TRAYECTORIAS2020_03_13/M2020-03-13-10-40-38/img/image_222.png 25.111051 -3.539913 0.901987 [218.240784, 223.079803]
/mnt/gpid07/users/morros/VFOA/TRAYECTORIAS2020_03_13/M2020-03-13-10-40-38/img/image_223.png 25.612761 -1.959988 -0.312226 [211.028748, 244.24321]
/mnt/gpid07/users/morros/VFOA/TRAYECTORIAS2020_03_13/M2020-03-13-10-40-38/img/image_224.png 27.960245 -0.858784 -1.282837 [204.578461, 260.570129]
/mnt/gpid07/users/morros/VFOA/TRAYECTORIAS2020_03_13/M2020-03-13-10-40-38/img/image_225.png 30.871081 -1.083980 -0.867330 [197.73671, 270.766113]
/mnt/gpid07/users/morros/VFOA/TRAYECTORIAS2020_03_13/M2020-03-13-10-40-38/img/image_226.png 34.075045 -1.353657 -0.539569 [206.312393, 276.669434]
/mnt/gpid07/users/morros/VFOA/TRAYECTORIAS2020_03_13/M2020-03-13-10-40-38/img/image_227.png 36.066900 -1.935979 -0.600577 [229.375778, 285.341858]
/mnt/gpid07/users/morros/VFOA/TRAYECTORIAS2020_03_13/M2020-03-13-10-40-38/img/image_228.png 37.772130 -2.357955 -0.388468 [253.711945, 291.427429]
/mnt/gpid07/users/morros/VFOA/TRAYECTORIAS2020_03_13/M2020-03-13-10-40-38/img/image_229.png 38.658628 -3.441281 -0.642202 [280.88916, 298.826569]
/mnt/gpid07/users/morros/VFOA/TRAYECTORIAS2020_03_13/M2020-03-13-10-40-38/img/image_230.png 38.557233 -4.128073 -0.515824 [302.555389, 307.086517]
/mnt/gpid07/users/morros/VFOA/TRAYECTORIAS2020_03_13/M2020-03-13-10-40-38/img/image_231.png 38.617406 -4.868676 -0.463172 [320.430756, 312.305969]
/mnt/gpid07/users/morros/VFOA/TRAYECTORIAS2020_03_13/M2020-03-13-10-40-38/img/image_232.png 41.045478 -1.702594 -1.570392 [333.064209, 310.969177]
/mnt/gpid07/users/morros/VFOA/TRAYECTORIAS2020_03_13/M2020-03-13-10-40-38/img/image_233.png 47.669948 0.222613 -4.075553 [341.691162, 301.068146]
/mnt/gpid07/users/morros/VFOA/TRAYECTORIAS2020_03_13/M2020-03-13-10-40-38/img/image_234.png 48.897322 -2.355996 -3.744458 [342.513792, 299.9924]
/mnt/gpid07/users/morros/VFOA/TRAYECTORIAS2020_03_13/M2020-03-13-10-40-38/img/image_235.png 45.625185 -0.831945 -4.346091 [342.518012, 299.973079]
/mnt/gpid07/users/morros/VFOA/TRAYECTORIAS2020_03_13/M2020-03-13-10-40-38/img/image_236.png 41.827953 0.000422 -4.511226 [357.445496, 250.298843]
/mnt/gpid07/users/morros/VFOA/TRAYECTORIAS2020_03_13/M2020-03-13-10-40-38/img/image_237.png 40.226124 -1.301803 -3.686766 [362.097992, 235.232147]
/mnt/gpid07/users/morros/VFOA/TRAYECTORIAS2020_03_13/M2020-03-13-10-40-38/img/image_238.png 39.493188 0.278760 -2.306797 [366.105072, 222.009201]
/mnt/gpid07/users/morros/VFOA/TRAYECTORIAS2020_03_13/M2020-03-13-10-40-38/img/image_239.png 39.111627 0.723085 0.375456 [369.356659, 215.490845]
/mnt/gpid07/users/morros/VFOA/TRAYECTORIAS2020_03_13/M2020-03-13-10-40-38/img/image_240.png 38.635493 -0.494263 0.977301 [372.146912, 220.949829]
/mnt/gpid07/users/morros/VFOA/TRAYECTORIAS2020_03_13/M2020-03-13-10-40-38/img/image_241.png 37.822923 -1.513821 -0.259630 [378.007751, 232.225006]
/mnt/gpid07/users/morros/VFOA/TRAYECTORIAS2020_03_13/M2020-03-13-10-40-38/img/image_242.png 35.850540 -1.205660 -0.322448 [383.286835, 244.599472]
/mnt/gpid07/users/morros/VFOA/TRAYECTORIAS2020_03_13/M2020-03-13-10-40-38/img/image_243.png 35.448118 -0.814379 -0.378575 [393.641113, 257.009735]
/mnt/gpid07/users/morros/VFOA/TRAYECTORIAS2020_03_13/M2020-03-13-10-40-38/img/image_244.png 34.623424 -0.415603 -2.796192 [396.666016, 269.227722]
/mnt/gpid07/users/morros/VFOA/TRAYECTORIAS2020_03_13/M2020-03-13-10-40-38/img/image_245.png 37.992446 0.152033 -2.662768 [402.312744, 279.438965]
/mnt/gpid07/users/morros/VFOA/TRAYECTORIAS2020_03_13/M2020-03-13-10-40-38/img/image_246.png 42.357303 4.829098 -7.388533 [406.659729, 284.49411]
/mnt/gpid07/users/morros/VFOA/TRAYECTORIAS2020_03_13/M2020-03-13-10-40-38/img/image_247.png 25.799575 -3.116722 -23.147285 [414.041962, 278.398499]
/mnt/gpid07/users/morros/VFOA/TRAYECTORIAS2020_03_13/M2020-03-13-10-40-38/img/image_248.png 15.508115 -15.610870 -37.229081 [428.060364, 261.93927]
/mnt/gpid07/users/morros/VFOA/TRAYECTORIAS2020_03_13/M2020-03-13-10-40-38/img/image_249.png 10.449773 -31.595221 -44.270030 [452.345032, 235.819962]
/mnt/gpid07/users/morros/VFOA/TRAYECTORIAS2020_03_13/M2020-03-13-10-40-38/img/image_250.png 41.343187 2.042790 -7.107371 [477.465881, 213.206558]
/mnt/gpid07/users/morros/VFOA/TRAYECTORIAS2020_03_13/M2020-03-13-10-40-38/img/image_251.png 37.740633 -2.627715 -3.462848 [479.986328, 210.980277]
/mnt/gpid07/users/morros/VFOA/TRAYECTORIAS2020_03_13/M2020-03-13-10-40-38/img/image_252.png 40.883313 -0.026590 -2.207747 [515.04126, 193.037613]
/mnt/gpid07/users/morros/VFOA/TRAYECTORIAS2020_03_13/M2020-03-13-10-40-38/img/image_253.png 41.040865 -0.630871 -2.805861 [533.346497, 195.684967]
/mnt/gpid07/users/morros/VFOA/TRAYECTORIAS2020_03_13/M2020-03-13-10-40-38/img/image_254.png 48.197707 0.633268 -4.488031 [530.012695, 202.769119]
