/mnt/gpid07/users/morros/VFOA/TRAYECTORIAS2020_03_13/M2020-03-13-14-58-06/img/image_26.png -144.815529 6.535235 -4.094840 [578.152893, 234.081177]
/mnt/gpid07/users/morros/VFOA/TRAYECTORIAS2020_03_13/M2020-03-13-14-58-06/img/image_27.png -146.188033 7.459418 -3.506874 [556.556335, 235.462799]
/mnt/gpid07/users/morros/VFOA/TRAYECTORIAS2020_03_13/M2020-03-13-14-58-06/img/image_28.png -147.986435 8.251819 -4.878520 [533.087036, 243.080063]
/mnt/gpid07/users/morros/VFOA/TRAYECTORIAS2020_03_13/M2020-03-13-14-58-06/img/image_29.png -149.719729 8.514262 -4.662682 [506.468262, 252.367401]
/mnt/gpid07/users/morros/VFOA/TRAYECTORIAS2020_03_13/M2020-03-13-14-58-06/img/image_30.png -150.063711 7.295784 -4.237744 [482.837067, 260.894867]
/mnt/gpid07/users/morros/VFOA/TRAYECTORIAS2020_03_13/M2020-03-13-14-58-06/img/image_31.png -149.075513 7.196706 -4.670214 [480.672953, 262.309214]
/mnt/gpid07/users/morros/VFOA/TRAYECTORIAS2020_03_13/M2020-03-13-14-58-06/img/image_32.png -144.885771 7.073835 -4.463574 [436.511108, 279.124512]
/mnt/gpid07/users/morros/VFOA/TRAYECTORIAS2020_03_13/M2020-03-13-14-58-06/img/image_33.png -140.318858 8.000172 -3.441667 [418.549103, 275.125977]
/mnt/gpid07/users/morros/VFOA/TRAYECTORIAS2020_03_13/M2020-03-13-14-58-06/img/image_34.png -135.479495 9.002575 -2.288132 [393.905518, 263.909515]
/mnt/gpid07/users/morros/VFOA/TRAYECTORIAS2020_03_13/M2020-03-13-14-58-06/img/image_35.png -130.731068 8.004680 -1.939753 [375.824432, 252.780457]
/mnt/gpid07/users/morros/VFOA/TRAYECTORIAS2020_03_13/M2020-03-13-14-58-06/img/image_36.png -128.525240 7.005442 -2.206145 [353.911163, 242.310791]
/mnt/gpid07/users/morros/VFOA/TRAYECTORIAS2020_03_13/M2020-03-13-14-58-06/img/image_37.png -127.116201 6.972543 -3.614259 [334.096741, 238.305893]
/mnt/gpid07/users/morros/VFOA/TRAYECTORIAS2020_03_13/M2020-03-13-14-58-06/img/image_38.png -124.999585 8.342360 -2.945646 [317.076843, 241.142853]
/mnt/gpid07/users/morros/VFOA/TRAYECTORIAS2020_03_13/M2020-03-13-14-58-06/img/image_39.png -124.796065 8.417614 -3.433516 [305.795624, 252.824326]
/mnt/gpid07/users/morros/VFOA/TRAYECTORIAS2020_03_13/M2020-03-13-14-58-06/img/image_40.png -123.062617 7.601189 -2.743194 [294.970947, 267.44696]
/mnt/gpid07/users/morros/VFOA/TRAYECTORIAS2020_03_13/M2020-03-13-14-58-06/img/image_41.png -119.728365 6.820358 -1.630979 [288.467377, 280.392487]
/mnt/gpid07/users/morros/VFOA/TRAYECTORIAS2020_03_13/M2020-03-13-14-58-06/img/image_42.png -115.218905 6.434747 -1.359827 [282.585632, 291.996338]
/mnt/gpid07/users/morros/VFOA/TRAYECTORIAS2020_03_13/M2020-03-13-14-58-06/img/image_43.png -109.320173 6.322941 -0.952629 [276.529144, 297.16626]
/mnt/gpid07/users/morros/VFOA/TRAYECTORIAS2020_03_13/M2020-03-13-14-58-06/img/image_44.png -100.939709 5.414935 -1.111614 [265.898743, 290.965698]
/mnt/gpid07/users/morros/VFOA/TRAYECTORIAS2020_03_13/M2020-03-13-14-58-06/img/image_45.png -95.368358 4.227980 -1.284451 [252.252335, 281.46109]
/mnt/gpid07/users/morros/VFOA/TRAYECTORIAS2020_03_13/M2020-03-13-14-58-06/img/image_46.png -93.154156 3.077119 -1.942857 [235.30072, 266.111359]
/mnt/gpid07/users/morros/VFOA/TRAYECTORIAS2020_03_13/M2020-03-13-14-58-06/img/image_47.png -93.542308 2.824809 -2.369399 [218.791702, 257.120697]
/mnt/gpid07/users/morros/VFOA/TRAYECTORIAS2020_03_13/M2020-03-13-14-58-06/img/image_48.png -94.538010 -0.242163 -2.694725 [208.78949, 248.828751]
/mnt/gpid07/users/morros/VFOA/TRAYECTORIAS2020_03_13/M2020-03-13-14-58-06/img/image_49.png -98.698146 -1.771439 -3.782647 [203.252365, 250.668274]
/mnt/gpid07/users/morros/VFOA/TRAYECTORIAS2020_03_13/M2020-03-13-14-58-06/img/image_50.png -101.431156 -4.676050 -3.910163 [200.98761, 256.034912]
/mnt/gpid07/users/morros/VFOA/TRAYECTORIAS2020_03_13/M2020-03-13-14-58-06/img/image_51.png -104.370904 -7.679182 -5.839606 [205.420044, 263.794952]
/mnt/gpid07/users/morros/VFOA/TRAYECTORIAS2020_03_13/M2020-03-13-14-58-06/img/image_52.png -104.472445 -13.446223 -5.076354 [210.9711, 269.634369]
/mnt/gpid07/users/morros/VFOA/TRAYECTORIAS2020_03_13/M2020-03-13-14-58-06/img/image_53.png -107.406327 -15.725178 -5.163042 [212.875824, 276.812164]
/mnt/gpid07/users/morros/VFOA/TRAYECTORIAS2020_03_13/M2020-03-13-14-58-06/img/image_54.png -107.854718 -16.612626 -5.113804 [210.994156, 284.092377]
/mnt/gpid07/users/morros/VFOA/TRAYECTORIAS2020_03_13/M2020-03-13-14-58-06/img/image_55.png -105.123455 -14.116078 -5.231632 [214.309296, 284.815613]
/mnt/gpid07/users/morros/VFOA/TRAYECTORIAS2020_03_13/M2020-03-13-14-58-06/img/image_56.png -99.434514 -10.470898 -5.335785 [214.296661, 288.47403]
/mnt/gpid07/users/morros/VFOA/TRAYECTORIAS2020_03_13/M2020-03-13-14-58-06/img/image_57.png -91.254293 -6.136861 -3.776669 [219.17157, 286.773438]
/mnt/gpid07/users/morros/VFOA/TRAYECTORIAS2020_03_13/M2020-03-13-14-58-06/img/image_58.png -82.804632 -0.701239 -2.952478 [225.656799, 283.17276]
/mnt/gpid07/users/morros/VFOA/TRAYECTORIAS2020_03_13/M2020-03-13-14-58-06/img/image_59.png -71.566119 2.383546 -1.899400 [230.273743, 280.814514]
/mnt/gpid07/users/morros/VFOA/TRAYECTORIAS2020_03_13/M2020-03-13-14-58-06/img/image_60.png -64.451259 4.789285 -0.744122 [237.101471, 275.178528]
/mnt/gpid07/users/morros/VFOA/TRAYECTORIAS2020_03_13/M2020-03-13-14-58-06/img/image_61.png -57.857564 4.276074 0.167536 [242.005096, 270.394318]
/mnt/gpid07/users/morros/VFOA/TRAYECTORIAS2020_03_13/M2020-03-13-14-58-06/img/image_62.png -57.567035 4.528584 -0.504349 [241.145737, 267.359253]
/mnt/gpid07/users/morros/VFOA/TRAYECTORIAS2020_03_13/M2020-03-13-14-58-06/img/image_63.png -58.070740 4.605318 -1.034236 [236.958252, 265.637207]
/mnt/gpid07/users/morros/VFOA/TRAYECTORIAS2020_03_13/M2020-03-13-14-58-06/img/image_64.png -58.126815 3.886991 -1.871765 [232.331543, 261.993164]
/mnt/gpid07/users/morros/VFOA/TRAYECTORIAS2020_03_13/M2020-03-13-14-58-06/img/image_65.png -59.930239 3.463789 -2.863155 [223.766037, 265.534821]
/mnt/gpid07/users/morros/VFOA/TRAYECTORIAS2020_03_13/M2020-03-13-14-58-06/img/image_66.png -59.992105 3.528923 -3.217728 [217.584, 264.399078]
/mnt/gpid07/users/morros/VFOA/TRAYECTORIAS2020_03_13/M2020-03-13-14-58-06/img/image_67.png -54.782101 4.509357 -3.003395 [213.063675, 269.450378]
/mnt/gpid07/users/morros/VFOA/TRAYECTORIAS2020_03_13/M2020-03-13-14-58-06/img/image_68.png -47.539514 5.231625 -2.764209 [220.163315, 269.566254]
/mnt/gpid07/users/morros/VFOA/TRAYECTORIAS2020_03_13/M2020-03-13-14-58-06/img/image_69.png -40.161127 4.946074 -2.803458 [232.360306, 268.800751]
/mnt/gpid07/users/morros/VFOA/TRAYECTORIAS2020_03_13/M2020-03-13-14-58-06/img/image_70.png -32.936533 5.454842 -2.451432 [246.044846, 267.85907]
/mnt/gpid07/users/morros/VFOA/TRAYECTORIAS2020_03_13/M2020-03-13-14-58-06/img/image_71.png -26.702234 4.955142 -2.722970 [259.858856, 270.266052]
/mnt/gpid07/users/morros/VFOA/TRAYECTORIAS2020_03_13/M2020-03-13-14-58-06/img/image_72.png -23.429617 4.865616 -2.171501 [272.124115, 271.431824]
/mnt/gpid07/users/morros/VFOA/TRAYECTORIAS2020_03_13/M2020-03-13-14-58-06/img/image_73.png -20.256333 3.697681 -1.509162 [285.361389, 273.689606]
/mnt/gpid07/users/morros/VFOA/TRAYECTORIAS2020_03_13/M2020-03-13-14-58-06/img/image_75.png -14.502658 2.498139 -0.317749 [286.709143, 273.929763]
/mnt/gpid07/users/morros/VFOA/TRAYECTORIAS2020_03_13/M2020-03-13-14-58-06/img/image_77.png -10.942402 2.828449 -0.542377 [286.695946, 273.927523]
/mnt/gpid07/users/morros/VFOA/TRAYECTORIAS2020_03_13/M2020-03-13-14-58-06/img/image_78.png -9.299854 3.316911 -0.941765 [286.695905, 273.927515]
/mnt/gpid07/users/morros/VFOA/TRAYECTORIAS2020_03_13/M2020-03-13-14-58-06/img/image_79.png -5.093937 3.800187 -1.041013 [287.543243, 304.606781]
/mnt/gpid07/users/morros/VFOA/TRAYECTORIAS2020_03_13/M2020-03-13-14-58-06/img/image_80.png -1.125866 3.986613 -1.464885 [280.773376, 311.408203]
/mnt/gpid07/users/morros/VFOA/TRAYECTORIAS2020_03_13/M2020-03-13-14-58-06/img/image_81.png 0.902010 4.123144 -1.653297 [273.434357, 316.715027]
/mnt/gpid07/users/morros/VFOA/TRAYECTORIAS2020_03_13/M2020-03-13-14-58-06/img/image_82.png 3.661947 4.083770 -1.465544 [271.698151, 320.207642]
/mnt/gpid07/users/morros/VFOA/TRAYECTORIAS2020_03_13/M2020-03-13-14-58-06/img/image_83.png 3.917310 4.348517 -1.541885 [270.276184, 319.907623]
/mnt/gpid07/users/morros/VFOA/TRAYECTORIAS2020_03_13/M2020-03-13-14-58-06/img/image_84.png 4.639985 4.453668 -1.486155 [270.281464, 317.550232]
/mnt/gpid07/users/morros/VFOA/TRAYECTORIAS2020_03_13/M2020-03-13-14-58-06/img/image_85.png 4.004810 4.412341 -1.941494 [269.901703, 314.114807]
/mnt/gpid07/users/morros/VFOA/TRAYECTORIAS2020_03_13/M2020-03-13-14-58-06/img/image_86.png 2.348097 4.184768 -2.022666 [271.430206, 311.6875]
/mnt/gpid07/users/morros/VFOA/TRAYECTORIAS2020_03_13/M2020-03-13-14-58-06/img/image_87.png 0.839672 4.190078 -2.078487 [272.909485, 310.27774]
/mnt/gpid07/users/morros/VFOA/TRAYECTORIAS2020_03_13/M2020-03-13-14-58-06/img/image_88.png -0.009613 4.393026 -2.040560 [275.479004, 309.858612]
/mnt/gpid07/users/morros/VFOA/TRAYECTORIAS2020_03_13/M2020-03-13-14-58-06/img/image_89.png -0.478181 4.607708 -1.971336 [278.049408, 309.561768]
/mnt/gpid07/users/morros/VFOA/TRAYECTORIAS2020_03_13/M2020-03-13-14-58-06/img/image_90.png -1.046576 4.932511 -2.346046 [280.886932, 307.316711]
/mnt/gpid07/users/morros/VFOA/TRAYECTORIAS2020_03_13/M2020-03-13-14-58-06/img/image_91.png -0.560581 4.515781 -2.871610 [284.867188, 302.808014]
/mnt/gpid07/users/morros/VFOA/TRAYECTORIAS2020_03_13/M2020-03-13-14-58-06/img/image_92.png 0.674963 4.868899 -3.190967 [285.27664, 302.334508]
/mnt/gpid07/users/morros/VFOA/TRAYECTORIAS2020_03_13/M2020-03-13-14-58-06/img/image_93.png 5.745189 5.759634 -2.824730 [296.77771, 293.88208]
/mnt/gpid07/users/morros/VFOA/TRAYECTORIAS2020_03_13/M2020-03-13-14-58-06/img/image_94.png 12.355694 6.922800 -2.164379 [304.368896, 286.226562]
/mnt/gpid07/users/morros/VFOA/TRAYECTORIAS2020_03_13/M2020-03-13-14-58-06/img/image_95.png 17.987798 6.671424 -1.650529 [309.747406, 278.873779]
/mnt/gpid07/users/morros/VFOA/TRAYECTORIAS2020_03_13/M2020-03-13-14-58-06/img/image_96.png 20.365622 5.953704 -0.950328 [312.684204, 282.910095]
/mnt/gpid07/users/morros/VFOA/TRAYECTORIAS2020_03_13/M2020-03-13-14-58-06/img/image_97.png 20.762233 6.191096 -0.903742 [315.817261, 297.063965]
/mnt/gpid07/users/morros/VFOA/TRAYECTORIAS2020_03_13/M2020-03-13-14-58-06/img/image_98.png 20.319636 6.071028 -1.455352 [318.895111, 313.811157]
/mnt/gpid07/users/morros/VFOA/TRAYECTORIAS2020_03_13/M2020-03-13-14-58-06/img/image_99.png 20.521071 6.066968 -1.727581 [319.202344, 315.51181]
/mnt/gpid07/users/morros/VFOA/TRAYECTORIAS2020_03_13/M2020-03-13-14-58-06/img/image_100.png 20.655465 6.032245 -1.906190 [319.347687, 348.70047]
/mnt/gpid07/users/morros/VFOA/TRAYECTORIAS2020_03_13/M2020-03-13-14-58-06/img/image_101.png 20.034259 5.783160 -2.349063 [319.731201, 358.201111]
/mnt/gpid07/users/morros/VFOA/TRAYECTORIAS2020_03_13/M2020-03-13-14-58-06/img/image_102.png 13.531609 5.302843 -3.059043 [324.00528, 356.519623]
/mnt/gpid07/users/morros/VFOA/TRAYECTORIAS2020_03_13/M2020-03-13-14-58-06/img/image_103.png 3.905822 4.995487 -3.991015 [330.511963, 350.042511]
/mnt/gpid07/users/morros/VFOA/TRAYECTORIAS2020_03_13/M2020-03-13-14-58-06/img/image_104.png -3.752457 5.189969 -4.276504 [339.001587, 338.216736]
/mnt/gpid07/users/morros/VFOA/TRAYECTORIAS2020_03_13/M2020-03-13-14-58-06/img/image_105.png -11.658925 4.371351 -4.561839 [344.652985, 322.264954]
/mnt/gpid07/users/morros/VFOA/TRAYECTORIAS2020_03_13/M2020-03-13-14-58-06/img/image_106.png -19.470547 4.905537 -4.886372 [350.705963, 304.953491]
/mnt/gpid07/users/morros/VFOA/TRAYECTORIAS2020_03_13/M2020-03-13-14-58-06/img/image_107.png -24.888393 3.890451 -3.350929 [358.688812, 292.797211]
/mnt/gpid07/users/morros/VFOA/TRAYECTORIAS2020_03_13/M2020-03-13-14-58-06/img/image_110.png -37.387835 5.197728 -2.756537 [363.493439, 277.239655]
/mnt/gpid07/users/morros/VFOA/TRAYECTORIAS2020_03_13/M2020-03-13-14-58-06/img/image_111.png -37.385187 5.109563 -2.095500 [363.930801, 275.65715]
/mnt/gpid07/users/morros/VFOA/TRAYECTORIAS2020_03_13/M2020-03-13-14-58-06/img/image_113.png -40.903186 6.079059 -1.942715 [342.019684, 282.746185]
/mnt/gpid07/users/morros/VFOA/TRAYECTORIAS2020_03_13/M2020-03-13-14-58-06/img/image_114.png -44.434346 6.108346 -2.279870 [333.760254, 284.017853]
/mnt/gpid07/users/morros/VFOA/TRAYECTORIAS2020_03_13/M2020-03-13-14-58-06/img/image_116.png -60.168386 7.143135 -4.242055 [316.968994, 286.849701]
/mnt/gpid07/users/morros/VFOA/TRAYECTORIAS2020_03_13/M2020-03-13-14-58-06/img/image_117.png -68.159462 7.264743 -4.564989 [308.206055, 286.444275]
/mnt/gpid07/users/morros/VFOA/TRAYECTORIAS2020_03_13/M2020-03-13-14-58-06/img/image_118.png -75.455542 7.301987 -5.057565 [305.038391, 284.994232]
/mnt/gpid07/users/morros/VFOA/TRAYECTORIAS2020_03_13/M2020-03-13-14-58-06/img/image_119.png -78.397343 6.905442 -5.061833 [317.003204, 284.065887]
/mnt/gpid07/users/morros/VFOA/TRAYECTORIAS2020_03_13/M2020-03-13-14-58-06/img/image_120.png -80.190414 6.661500 -5.041821 [318.35101, 283.97827]
/mnt/gpid07/users/morros/VFOA/TRAYECTORIAS2020_03_13/M2020-03-13-14-58-06/img/image_121.png -81.421900 6.399901 -4.838970 [318.379621, 283.977915]
/mnt/gpid07/users/morros/VFOA/TRAYECTORIAS2020_03_13/M2020-03-13-14-58-06/img/image_122.png -85.230819 5.885145 -4.802946 [318.36929, 283.978753]
/mnt/gpid07/users/morros/VFOA/TRAYECTORIAS2020_03_13/M2020-03-13-14-58-06/img/image_123.png -88.985658 5.454712 -3.922371 [369.530151, 280.572632]
/mnt/gpid07/users/morros/VFOA/TRAYECTORIAS2020_03_13/M2020-03-13-14-58-06/img/image_124.png -92.450029 6.186133 -3.215004 [378.013702, 281.009705]
/mnt/gpid07/users/morros/VFOA/TRAYECTORIAS2020_03_13/M2020-03-13-14-58-06/img/image_125.png -95.420290 6.305119 -3.147978 [381.040741, 280.515076]
/mnt/gpid07/users/morros/VFOA/TRAYECTORIAS2020_03_13/M2020-03-13-14-58-06/img/image_126.png -98.855077 6.630528 -2.970869 [381.275299, 278.049805]
/mnt/gpid07/users/morros/VFOA/TRAYECTORIAS2020_03_13/M2020-03-13-14-58-06/img/image_127.png -102.069452 7.076617 -2.994297 [376.527588, 274.696381]
/mnt/gpid07/users/morros/VFOA/TRAYECTORIAS2020_03_13/M2020-03-13-14-58-06/img/image_128.png -105.025558 7.768775 -2.691487 [366.361053, 272.559662]
/mnt/gpid07/users/morros/VFOA/TRAYECTORIAS2020_03_13/M2020-03-13-14-58-06/img/image_129.png -108.291297 8.498120 -2.503016 [359.549408, 269.910156]
/mnt/gpid07/users/morros/VFOA/TRAYECTORIAS2020_03_13/M2020-03-13-14-58-06/img/image_130.png -113.741265 7.960408 -2.385904 [350.509552, 264.21402]
/mnt/gpid07/users/morros/VFOA/TRAYECTORIAS2020_03_13/M2020-03-13-14-58-06/img/image_131.png -119.931278 7.454407 -3.270958 [343.118256, 256.737762]
/mnt/gpid07/users/morros/VFOA/TRAYECTORIAS2020_03_13/M2020-03-13-14-58-06/img/image_132.png -127.358268 7.599078 -3.974965 [336.203674, 251.864365]
/mnt/gpid07/users/morros/VFOA/TRAYECTORIAS2020_03_13/M2020-03-13-14-58-06/img/image_133.png -134.960210 7.194717 -4.293686 [326.44278, 249.35939]
/mnt/gpid07/users/morros/VFOA/TRAYECTORIAS2020_03_13/M2020-03-13-14-58-06/img/image_134.png -144.574265 7.517574 -4.431558 [322.134308, 249.019394]
/mnt/gpid07/users/morros/VFOA/TRAYECTORIAS2020_03_13/M2020-03-13-14-58-06/img/image_135.png -153.826012 7.242380 -4.682115 [320.644135, 255.868439]
/mnt/gpid07/users/morros/VFOA/TRAYECTORIAS2020_03_13/M2020-03-13-14-58-06/img/image_136.png -162.973037 6.513864 -5.480682 [321.802582, 265.560669]
/mnt/gpid07/users/morros/VFOA/TRAYECTORIAS2020_03_13/M2020-03-13-14-58-06/img/image_137.png -171.268851 5.656249 -5.835560 [323.992432, 276.036163]
/mnt/gpid07/users/morros/VFOA/TRAYECTORIAS2020_03_13/M2020-03-13-14-58-06/img/image_138.png -179.706648 5.471992 -5.781001 [324.523285, 284.524567]
/mnt/gpid07/users/morros/VFOA/TRAYECTORIAS2020_03_13/M2020-03-13-14-58-06/img/image_139.png 174.542711 4.754289 -5.654193 [326.256317, 292.340668]
/mnt/gpid07/users/morros/VFOA/TRAYECTORIAS2020_03_13/M2020-03-13-14-58-06/img/image_140.png 168.023692 4.918328 -5.226149 [328.680878, 297.76123]
/mnt/gpid07/users/morros/VFOA/TRAYECTORIAS2020_03_13/M2020-03-13-14-58-06/img/image_141.png 163.270615 5.897484 -4.419735 [329.082001, 299.776276]
/mnt/gpid07/users/morros/VFOA/TRAYECTORIAS2020_03_13/M2020-03-13-14-58-06/img/image_142.png 161.013345 5.703972 -3.727865 [334.569183, 299.528809]
/mnt/gpid07/users/morros/VFOA/TRAYECTORIAS2020_03_13/M2020-03-13-14-58-06/img/image_143.png 159.663390 5.612166 -3.580895 [338.746429, 294.180237]
/mnt/gpid07/users/morros/VFOA/TRAYECTORIAS2020_03_13/M2020-03-13-14-58-06/img/image_144.png 159.796513 5.992963 -3.426767 [339.151055, 293.594369]
/mnt/gpid07/users/morros/VFOA/TRAYECTORIAS2020_03_13/M2020-03-13-14-58-06/img/image_145.png 160.067964 6.222725 -3.688170 [339.153791, 293.583409]
/mnt/gpid07/users/morros/VFOA/TRAYECTORIAS2020_03_13/M2020-03-13-14-58-06/img/image_146.png 162.541930 6.662095 -4.093078 [339.150046, 293.588062]
/mnt/gpid07/users/morros/VFOA/TRAYECTORIAS2020_03_13/M2020-03-13-14-58-06/img/image_147.png 167.631479 5.864307 -5.268326 [358.999329, 250.439438]
/mnt/gpid07/users/morros/VFOA/TRAYECTORIAS2020_03_13/M2020-03-13-14-58-06/img/image_148.png 165.992893 4.254067 -6.914155 [361.182787, 245.693043]
/mnt/gpid07/users/morros/VFOA/TRAYECTORIAS2020_03_13/M2020-03-13-14-58-06/img/image_149.png 164.430406 3.028592 -6.827332 [358.02182, 235.969055]
/mnt/gpid07/users/morros/VFOA/TRAYECTORIAS2020_03_13/M2020-03-13-14-58-06/img/image_150.png 172.040584 3.762428 -6.100115 [351.420929, 236.313644]
/mnt/gpid07/users/morros/VFOA/TRAYECTORIAS2020_03_13/M2020-03-13-14-58-06/img/image_151.png -178.369261 4.822887 -5.870479 [343.328918, 243.997116]
/mnt/gpid07/users/morros/VFOA/TRAYECTORIAS2020_03_13/M2020-03-13-14-58-06/img/image_152.png -169.237453 5.449292 -5.340882 [342.504806, 244.838852]
/mnt/gpid07/users/morros/VFOA/TRAYECTORIAS2020_03_13/M2020-03-13-14-58-06/img/image_153.png -162.815463 5.948493 -5.489681 [351.098114, 249.692062]
/mnt/gpid07/users/morros/VFOA/TRAYECTORIAS2020_03_13/M2020-03-13-14-58-06/img/image_154.png -152.439663 6.068073 -5.330522 [362.308807, 236.121033]
/mnt/gpid07/users/morros/VFOA/TRAYECTORIAS2020_03_13/M2020-03-13-14-58-06/img/image_155.png -143.150885 6.706301 -6.504202 [373.555664, 219.562393]
/mnt/gpid07/users/morros/VFOA/TRAYECTORIAS2020_03_13/M2020-03-13-14-58-06/img/image_156.png -131.951176 7.595244 -5.862521 [382.225555, 206.94545]
/mnt/gpid07/users/morros/VFOA/TRAYECTORIAS2020_03_13/M2020-03-13-14-58-06/img/image_157.png -121.985066 8.338496 -5.761146 [388.212891, 199.707291]
/mnt/gpid07/users/morros/VFOA/TRAYECTORIAS2020_03_13/M2020-03-13-14-58-06/img/image_158.png -111.629816 7.912755 -6.181523 [395.556061, 199.50383]
/mnt/gpid07/users/morros/VFOA/TRAYECTORIAS2020_03_13/M2020-03-13-14-58-06/img/image_159.png -101.567409 7.161114 -7.097027 [402.96228, 200.042908]
/mnt/gpid07/users/morros/VFOA/TRAYECTORIAS2020_03_13/M2020-03-13-14-58-06/img/image_160.png -93.023495 7.438365 -6.984727 [411.772156, 203.934265]
/mnt/gpid07/users/morros/VFOA/TRAYECTORIAS2020_03_13/M2020-03-13-14-58-06/img/image_161.png -86.347607 7.445170 -6.814609 [425.456757, 208.682968]
/mnt/gpid07/users/morros/VFOA/TRAYECTORIAS2020_03_13/M2020-03-13-14-58-06/img/image_162.png -81.545149 8.272708 -6.478091 [426.873964, 209.166412]
/mnt/gpid07/users/morros/VFOA/TRAYECTORIAS2020_03_13/M2020-03-13-14-58-06/img/image_163.png -78.004536 8.749634 -6.183406 [426.893011, 209.172104]
/mnt/gpid07/users/morros/VFOA/TRAYECTORIAS2020_03_13/M2020-03-13-14-58-06/img/image_164.png -73.754780 9.031188 -5.702044 [426.880934, 209.167895]
/mnt/gpid07/users/morros/VFOA/TRAYECTORIAS2020_03_13/M2020-03-13-14-58-06/img/image_165.png -64.983957 10.197204 -5.165398 [426.879415, 209.167376]
/mnt/gpid07/users/morros/VFOA/TRAYECTORIAS2020_03_13/M2020-03-13-14-58-06/img/image_166.png -51.066763 11.039169 -4.528552 [426.879369, 209.16736]
/mnt/gpid07/users/morros/VFOA/TRAYECTORIAS2020_03_13/M2020-03-13-14-58-06/img/image_167.png -34.588288 11.079333 -2.368109 [426.879379, 209.167364]
/mnt/gpid07/users/morros/VFOA/TRAYECTORIAS2020_03_13/M2020-03-13-14-58-06/img/image_168.png -18.082342 8.432525 -0.625869 [493.151154, 211.465332]
/mnt/gpid07/users/morros/VFOA/TRAYECTORIAS2020_03_13/M2020-03-13-14-58-06/img/image_169.png -6.694403 5.988814 -1.563694 [488.027893, 224.200531]
/mnt/gpid07/users/morros/VFOA/TRAYECTORIAS2020_03_13/M2020-03-13-14-58-06/img/image_170.png 1.077459 5.165609 -2.131975 [482.749359, 243.057739]
/mnt/gpid07/users/morros/VFOA/TRAYECTORIAS2020_03_13/M2020-03-13-14-58-06/img/image_171.png 6.590251 5.055854 -2.146472 [478.784485, 260.35965]
/mnt/gpid07/users/morros/VFOA/TRAYECTORIAS2020_03_13/M2020-03-13-14-58-06/img/image_172.png 8.937906 7.199136 -2.288189 [485.559387, 271.374847]
/mnt/gpid07/users/morros/VFOA/TRAYECTORIAS2020_03_13/M2020-03-13-14-58-06/img/image_173.png 10.920128 8.951940 -3.157034 [500.425262, 274.116028]
/mnt/gpid07/users/morros/VFOA/TRAYECTORIAS2020_03_13/M2020-03-13-14-58-06/img/image_174.png 11.519676 9.780924 -3.191034 [513.484802, 270.880035]
/mnt/gpid07/users/morros/VFOA/TRAYECTORIAS2020_03_13/M2020-03-13-14-58-06/img/image_175.png 15.691652 7.985393 -2.158243 [532.101807, 264.674011]
/mnt/gpid07/users/morros/VFOA/TRAYECTORIAS2020_03_13/M2020-03-13-14-58-06/img/image_176.png 18.673697 8.223883 -2.311809 [534.019082, 264.023708]
